Time,Displacement,Value,Factor,Baseline,Force
2025-06-30 13:30:57.705575,-24.0,824,573.2622826433104,140.88,35.38918439125527
2025-06-30 13:30:57.708023,-24.0,823,573.2622826433104,140.88,35.370399413620966
2025-06-30 13:30:57.877751,-24.0,934,573.2622826433104,140.88,37.455531931029405
2025-06-30 13:30:58.079831,-24.0,791,573.2622826433104,140.88,34.769280129323036
2025-06-30 13:30:58.285014,-24.0,812,573.2622826433104,140.88,35.163764659643554
2025-06-30 13:30:58.487008,-24.0,901,573.2622826433104,140.88,36.83562766909717
2025-06-30 13:30:58.690754,-24.0,766,573.2622826433104,140.88,34.29965568846527
2025-06-30 13:30:58.893750,-24.0,833,573.2622826433104,140.88,35.558249189964066
2025-06-30 13:30:59.097021,-24.0,860,573.2622826433104,140.88,36.06544358609044
2025-06-30 13:31:00.235310,-24.0,953,573.2622826433104,140.88,37.8124465060813
2025-06-30 13:31:00.438252,-24.0,936,573.2622826433104,140.88,37.49310188629803
2025-06-30 13:31:00.641160,-24.01,823,573.2622826433104,140.88,35.370399413620966
2025-06-30 13:31:00.846377,-24.01,834,573.2622826433104,140.88,35.57703416759838
2025-06-30 13:31:01.047077,-24.01,847,573.2622826433104,140.88,35.82123887684441
2025-06-30 13:31:01.251905,-24.02,928,573.2622826433104,140.88,37.342822065223544
2025-06-30 13:31:01.454640,-24.02,851,573.2622826433104,140.88,35.89637878738165
2025-06-30 13:31:01.658189,-24.02,896,573.2622826433104,140.88,36.741702780925614
2025-06-30 13:31:01.861160,-24.03,913,573.2622826433104,140.88,37.06104740070889
2025-06-30 13:31:02.063302,-24.03,840,573.2622826433104,140.88,35.68974403340424
2025-06-30 13:31:02.266270,-24.03,809,573.2622826433104,140.88,35.10740972674062
2025-06-30 13:31:02.469543,-24.04,768,573.2622826433104,140.88,34.337225643733895
2025-06-30 13:31:02.673699,-24.04,787,573.2622826433104,140.88,34.6941402187858
2025-06-30 13:31:02.877864,-24.04,772,573.2622826433104,140.88,34.41236555427113
2025-06-30 13:31:03.079903,-24.05,777,573.2622826433104,140.88,34.5062904424427
2025-06-30 13:31:03.283798,-24.05,764,573.2622826433104,140.88,34.262085733196656
2025-06-30 13:31:03.488410,-24.05,723,573.2622826433104,140.88,33.49190165018994
2025-06-30 13:31:03.689346,-24.06,686,573.2622826433104,140.88,32.79685747772045
2025-06-30 13:31:03.893079,-24.06,737,573.2622826433104,140.88,33.75489133707028
2025-06-30 13:31:04.094213,-24.06,692,573.2622826433104,140.88,32.90956734352632
2025-06-30 13:31:04.298742,-24.07,703,573.2622826433104,140.88,33.11620209750373
2025-06-30 13:31:04.501452,-24.07,706,573.2622826433104,140.88,33.17255703040666
2025-06-30 13:31:04.704514,-24.07,607,573.2622826433104,140.88,31.312844244609938
2025-06-30 13:31:04.906668,-24.08,530,573.2622826433104,140.88,29.86640096676804
2025-06-30 13:31:05.112150,-24.08,557,573.2622826433104,140.88,30.37359536289442
2025-06-30 13:31:05.313878,-24.08,544,573.2622826433104,140.88,30.12939065364839
2025-06-30 13:31:05.515629,-24.09,589,573.2622826433104,140.88,30.974714647192357
2025-06-30 13:31:05.718345,-24.09,636,573.2622826433104,140.88,31.857608596004937
2025-06-30 13:31:05.924276,-24.09,583,573.2622826433104,140.88,30.862004781386492
2025-06-30 13:31:06.130021,-24.1,564,573.2622826433104,140.88,30.505090206334593
2025-06-30 13:31:06.330934,-24.1,509,573.2622826433104,140.88,29.471916436447525
2025-06-30 13:31:06.531349,-24.1,548,573.2622826433104,140.88,30.20453056418563
2025-06-30 13:31:06.735793,-24.11,613,573.2622826433104,140.88,31.425554110415806
2025-06-30 13:31:06.938577,-24.11,552,573.2622826433104,140.88,30.279670474722874
2025-06-30 13:31:07.142747,-24.11,589,573.2622826433104,140.88,30.974714647192357
2025-06-30 13:31:07.346408,-24.12,588,573.2622826433104,140.88,30.955929669558042
2025-06-30 13:31:07.548642,-24.12,509,573.2622826433104,140.88,29.471916436447525
2025-06-30 13:31:07.750386,-24.12,442,573.2622826433104,140.88,28.213322934948735
2025-06-30 13:31:07.953952,-24.13,577,573.2622826433104,140.88,30.74929491558063
2025-06-30 13:31:08.158818,-24.13,598,573.2622826433104,140.88,31.143779445901146
2025-06-30 13:31:08.360828,-24.13,539,573.2622826433104,140.88,30.03546576547684
2025-06-30 13:31:08.563686,-24.14,648,573.2622826433104,140.88,32.08302832761666
2025-06-30 13:31:08.767745,-24.14,631,573.2622826433104,140.88,31.763683707833387
2025-06-30 13:31:08.969475,-24.14,642,573.2622826433104,140.88,31.9703184618108
2025-06-30 13:31:09.173075,-24.15,637,573.2622826433104,140.88,31.876393573639252
2025-06-30 13:31:09.376043,-24.15,616,573.2622826433104,140.88,31.481909043318737
2025-06-30 13:31:09.580002,-24.15,731,573.2622826433104,140.88,33.642181471264415
2025-06-30 13:31:09.783308,-24.16,710,573.2622826433104,140.88,33.2476969409439
2025-06-30 13:31:09.987892,-24.16,701,573.2622826433104,140.88,33.07863214223511
2025-06-30 13:31:10.190319,-24.16,752,573.2622826433104,140.88,34.03666600158493
2025-06-30 13:31:10.392334,-24.17,677,573.2622826433104,140.88,32.627792679011655
2025-06-30 13:31:10.594673,-24.17,756,573.2622826433104,140.88,34.11180591212217
2025-06-30 13:31:10.797968,-24.17,783,573.2622826433104,140.88,34.619000308248545
2025-06-30 13:31:11.003401,-24.18,732,573.2622826433104,140.88,33.66096644889872
2025-06-30 13:31:11.204995,-24.18,693,573.2622826433104,140.88,32.928352321160624
2025-06-30 13:31:11.408290,-24.18,764,573.2622826433104,140.88,34.262085733196656
2025-06-30 13:31:11.609275,-24.19,741,573.2622826433104,140.88,33.83003124760752
2025-06-30 13:31:11.813733,-24.19,780,573.2622826433104,140.88,34.56264537534562
2025-06-30 13:31:12.015463,-24.19,899,573.2622826433104,140.88,36.79805771382855
2025-06-30 13:31:12.220203,-24.2,834,573.2622826433104,140.88,35.57703416759838
2025-06-30 13:31:12.424618,-24.2,821,573.2622826433104,140.88,35.33282945835235
2025-06-30 13:31:12.625312,-24.2,878,573.2622826433104,140.88,36.40357318350803
2025-06-30 13:31:12.828716,-24.21,757,573.2622826433104,140.88,34.13059088975648
2025-06-30 13:31:13.031425,-24.21,886,573.2622826433104,140.88,36.55385300458251
2025-06-30 13:31:13.234666,-24.21,935,573.2622826433104,140.88,37.47431690866371
2025-06-30 13:31:13.440208,-24.22,976,573.2622826433104,140.88,38.24450099167044
2025-06-30 13:31:13.641364,-24.22,989,573.2622826433104,140.88,38.48870570091647
2025-06-30 13:31:13.845340,-24.22,840,573.2622826433104,140.88,35.68974403340424
2025-06-30 13:31:14.047933,-24.23,845,573.2622826433104,140.88,35.783668921575796
2025-06-30 13:31:14.251354,-24.23,836,573.2622826433104,140.88,35.614604122867
2025-06-30 13:31:14.454018,-24.23,841,573.2622826433104,140.88,35.70852901103854
2025-06-30 13:31:14.658415,-24.24,870,573.2622826433104,140.88,36.253293362433546
2025-06-30 13:31:14.861515,-24.24,1045,573.2622826433104,140.88,39.54066444843785
2025-06-30 13:31:15.063087,-24.24,930,573.2622826433104,140.88,37.38039202049217
2025-06-30 13:31:15.267052,-24.25,971,573.2622826433104,140.88,38.150576103498885
2025-06-30 13:31:15.470006,-24.25,944,573.2622826433104,140.88,37.643381707372505
2025-06-30 13:31:15.673548,-24.25,929,573.2622826433104,140.88,37.361607042857855
2025-06-30 13:31:15.875666,-24.26,966,573.2622826433104,140.88,38.056651215327335
2025-06-30 13:31:16.080843,-24.26,991,573.2622826433104,140.88,38.52627565618509
2025-06-30 13:31:16.283181,-24.26,894,573.2622826433104,140.88,36.70413282565699
2025-06-30 13:31:16.487098,-24.27,979,573.2622826433104,140.88,38.30085592457337
2025-06-30 13:31:16.687535,-24.27,866,573.2622826433104,140.88,36.17815345189631
2025-06-30 13:31:16.893106,-24.27,905,573.2622826433104,140.88,36.91076757963441
2025-06-30 13:31:17.094580,-24.28,916,573.2622826433104,140.88,37.11740233361182
2025-06-30 13:31:17.298173,-24.28,923,573.2622826433104,140.88,37.248897177051994
2025-06-30 13:31:17.500679,-24.28,882,573.2622826433104,140.88,36.47871309404527
2025-06-30 13:31:17.704670,-24.29,953,573.2622826433104,140.88,37.8124465060813
2025-06-30 13:31:17.909092,-24.29,878,573.2622826433104,140.88,36.40357318350803
2025-06-30 13:31:18.110364,-24.29,785,573.2622826433104,140.88,34.656570263517175
2025-06-30 13:31:18.314330,-24.3,822,573.2622826433104,140.88,35.351614435986654
2025-06-30 13:31:18.516332,-24.3,861,573.2622826433104,140.88,36.08422856372476
2025-06-30 13:31:18.721681,-24.3,828,573.2622826433104,140.88,35.46432430179252
2025-06-30 13:31:18.921878,-24.31,1067,573.2622826433104,140.88,39.953933956392675
2025-06-30 13:31:19.126016,-24.31,886,573.2622826433104,140.88,36.55385300458251
2025-06-30 13:31:19.330455,-24.31,883,573.2622826433104,140.88,36.49749807167958
2025-06-30 13:31:19.531272,-24.32,834,573.2622826433104,140.88,35.57703416759838
2025-06-30 13:31:19.734350,-24.32,887,573.2622826433104,140.88,36.57263798221682
2025-06-30 13:31:19.938660,-24.32,876,573.2622826433104,140.88,36.36600322823941
2025-06-30 13:31:20.143101,-24.33,887,573.2622826433104,140.88,36.57263798221682
2025-06-30 13:31:20.344816,-24.33,790,573.2622826433104,140.88,34.75049515168872
2025-06-30 13:31:20.549459,-24.33,817,573.2622826433104,140.88,35.2576895478151
2025-06-30 13:31:20.751335,-24.34,758,573.2622826433104,140.88,34.149375867390795
2025-06-30 13:31:20.954761,-24.34,729,573.2622826433104,140.88,33.60461151599579
2025-06-30 13:31:21.158030,-24.34,754,573.2622826433104,140.88,34.074235956853556
2025-06-30 13:31:21.362527,-24.35,741,573.2622826433104,140.88,33.83003124760752
2025-06-30 13:31:21.564601,-24.35,702,573.2622826433104,140.88,33.09741711986942
2025-06-30 13:31:21.766835,-24.35,679,573.2622826433104,140.88,32.665362634280285
2025-06-30 13:31:21.970605,-24.36,714,573.2622826433104,140.88,33.32283685148114
2025-06-30 13:31:22.174697,-24.36,783,573.2622826433104,140.88,34.619000308248545
2025-06-30 13:31:22.377487,-24.36,640,573.2622826433104,140.88,31.932748506542183
2025-06-30 13:31:22.579261,-24.37,635,573.2622826433104,140.88,31.83882361837063
2025-06-30 13:31:22.781961,-24.37,622,573.2622826433104,140.88,31.59461890912459
2025-06-30 13:31:22.986513,-24.37,581,573.2622826433104,140.88,30.82443482611787
2025-06-30 13:31:23.188193,-24.38,646,573.2622826433104,140.88,32.04545837234804
2025-06-30 13:31:23.392365,-24.38,697,573.2622826433104,140.88,33.00349223169786
2025-06-30 13:31:23.596827,-24.38,698,573.2622826433104,140.88,33.022277209332174
2025-06-30 13:31:23.797486,-24.39,623,573.2622826433104,140.88,31.613403886758906
2025-06-30 13:31:24.002314,-24.39,622,573.2622826433104,140.88,31.59461890912459
2025-06-30 13:31:24.204728,-24.39,539,573.2622826433104,140.88,30.03546576547684
2025-06-30 13:31:24.408426,-24.4,648,573.2622826433104,140.88,32.08302832761666
2025-06-30 13:31:24.609316,-24.4,553,573.2622826433104,140.88,30.29845545235718
2025-06-30 13:31:24.812852,-24.4,526,573.2622826433104,140.88,29.791261056230805
2025-06-30 13:31:25.015158,-24.41,653,573.2622826433104,140.88,32.17695321578821
2025-06-30 13:31:25.219628,-24.41,528,573.2622826433104,140.88,29.828831011499428
2025-06-30 13:31:25.423561,-24.41,619,573.2622826433104,140.88,31.53826397622166
2025-06-30 13:31:25.625594,-24.42,680,573.2622826433104,140.88,32.68414761191459
2025-06-30 13:31:25.827422,-24.42,535,573.2622826433104,140.88,29.960325854939597
2025-06-30 13:31:26.031849,-24.42,532,573.2622826433104,140.88,29.903970922036667
2025-06-30 13:31:26.236494,-24.43,593,573.2622826433104,140.88,31.049854557729596
2025-06-30 13:31:26.438261,-24.43,654,573.2622826433104,140.88,32.19573819342252
2025-06-30 13:31:26.642110,-24.43,645,573.2622826433104,140.88,32.02667339471373
2025-06-30 13:31:26.844423,-24.44,604,573.2622826433104,140.88,31.256489311707007
2025-06-30 13:31:27.049078,-24.44,557,573.2622826433104,140.88,30.37359536289442
2025-06-30 13:31:27.251087,-24.44,622,573.2622826433104,140.88,31.59461890912459
2025-06-30 13:31:27.454606,-24.45,619,573.2622826433104,140.88,31.53826397622166
2025-06-30 13:31:27.658733,-24.45,622,573.2622826433104,140.88,31.59461890912459
2025-06-30 13:31:27.860904,-24.45,681,573.2622826433104,140.88,32.702932589548894
2025-06-30 13:31:28.063018,-24.46,668,573.2622826433104,140.88,32.458727880302874
2025-06-30 13:31:28.266408,-24.46,709,573.2622826433104,140.88,33.22891196330959
2025-06-30 13:31:28.469963,-24.46,646,573.2622826433104,140.88,32.04545837234804
2025-06-30 13:31:28.675240,-24.47,647,573.2622826433104,140.88,32.064243349982355
2025-06-30 13:31:28.874214,-24.47,662,573.2622826433104,140.88,32.346018014497005
2025-06-30 13:31:29.080268,-24.47,635,573.2622826433104,140.88,31.83882361837063
2025-06-30 13:31:29.282510,-24.48,694,573.2622826433104,140.88,32.947137298794935
2025-06-30 13:31:29.485558,-24.48,723,573.2622826433104,140.88,33.49190165018994
2025-06-30 13:31:29.687859,-24.48,754,573.2622826433104,140.88,34.074235956853556
2025-06-30 13:31:29.892308,-24.49,737,573.2622826433104,140.88,33.75489133707028
2025-06-30 13:31:30.095013,-24.49,764,573.2622826433104,140.88,34.262085733196656
2025-06-30 13:31:30.299506,-24.49,777,573.2622826433104,140.88,34.5062904424427
2025-06-30 13:31:30.501860,-24.5,696,573.2622826433104,140.88,32.98470725406356
2025-06-30 13:31:30.704841,-24.5,859,573.2622826433104,140.88,36.046658608456134
2025-06-30 13:31:30.905409,-24.5,706,573.2622826433104,140.88,33.17255703040666
2025-06-30 13:31:31.111070,-24.51,891,573.2622826433104,140.88,36.647777892754064
2025-06-30 13:31:31.314660,-24.51,800,573.2622826433104,140.88,34.938344928031825
2025-06-30 13:31:31.515549,-24.51,835,573.2622826433104,140.88,35.59581914523269
2025-06-30 13:31:31.717618,-24.52,794,573.2622826433104,140.88,34.82563506222597
2025-06-30 13:31:31.924780,-24.52,825,573.2622826433104,140.88,35.40796936888959
2025-06-30 13:31:32.126132,-24.52,900,573.2622826433104,140.88,36.81684269146285
2025-06-30 13:31:32.328328,-24.53,873,573.2622826433104,140.88,36.30964829533647
2025-06-30 13:31:32.531060,-24.53,898,573.2622826433104,140.88,36.77927273619424
2025-06-30 13:31:32.734375,-24.53,893,573.2622826433104,140.88,36.68534784802268
2025-06-30 13:31:32.940580,-24.54,838,573.2622826433104,140.88,35.65217407813562
2025-06-30 13:31:33.142669,-24.54,777,573.2622826433104,140.88,34.5062904424427
2025-06-30 13:31:33.345038,-24.54,960,573.2622826433104,140.88,37.943941349521474
2025-06-30 13:31:33.548887,-24.55,871,573.2622826433104,140.88,36.27207834006786
2025-06-30 13:31:33.750797,-24.55,912,573.2622826433104,140.88,37.04226242307458
2025-06-30 13:31:33.957297,-24.55,1001,573.2622826433104,140.88,38.7141254325282
2025-06-30 13:31:34.159370,-24.56,948,573.2622826433104,140.88,37.718521617909744
2025-06-30 13:31:34.359774,-24.56,849,573.2622826433104,140.88,35.858808832113034
2025-06-30 13:31:34.564256,-24.56,914,573.2622826433104,140.88,37.0798323783432
2025-06-30 13:31:34.769796,-24.57,919,573.2622826433104,140.88,37.173757266514755
2025-06-30 13:31:34.970436,-24.57,950,573.2622826433104,140.88,37.756091573178374
2025-06-30 13:31:35.172370,-24.57,891,573.2622826433104,140.88,36.647777892754064
2025-06-30 13:31:35.378379,-24.58,948,573.2622826433104,140.88,37.718521617909744
2025-06-30 13:31:35.579417,-24.58,927,573.2622826433104,140.88,37.32403708758923
2025-06-30 13:31:35.782613,-24.58,946,573.2622826433104,140.88,37.680951662641135
2025-06-30 13:31:35.986617,-24.59,947,573.2622826433104,140.88,37.69973664027544
2025-06-30 13:31:36.190277,-24.59,986,573.2622826433104,140.88,38.432350768013535
2025-06-30 13:31:36.392132,-24.59,983,573.2622826433104,140.88,38.375995835110615
2025-06-30 13:31:36.593974,-24.6,958,573.2622826433104,140.88,37.90637139425285
2025-06-30 13:31:36.800251,-24.6,845,573.2622826433104,140.88,35.783668921575796
2025-06-30 13:31:37.002380,-24.6,890,573.2622826433104,140.88,36.628992915119746
2025-06-30 13:31:37.204615,-24.61,961,573.2622826433104,140.88,37.962726327155785
2025-06-30 13:31:37.409265,-24.61,926,573.2622826433104,140.88,37.30525210995492
2025-06-30 13:31:37.609302,-24.61,965,573.2622826433104,140.88,38.037866237693024
2025-06-30 13:31:37.816668,-24.62,858,573.2622826433104,140.88,36.02787363082182
2025-06-30 13:31:38.015068,-24.62,829,573.2622826433104,140.88,35.48310927942683
2025-06-30 13:31:38.219651,-24.62,960,573.2622826433104,140.88,37.943941349521474
2025-06-30 13:31:38.422467,-24.63,873,573.2622826433104,140.88,36.30964829533647
2025-06-30 13:31:38.626159,-24.63,898,573.2622826433104,140.88,36.77927273619424
2025-06-30 13:31:38.830522,-24.63,897,573.2622826433104,140.88,36.76048775855992
2025-06-30 13:31:39.031631,-24.64,930,573.2622826433104,140.88,37.38039202049217
2025-06-30 13:31:39.235547,-24.64,815,573.2622826433104,140.88,35.22011959254648
2025-06-30 13:31:39.440608,-24.64,968,573.2622826433104,140.88,38.09422117059596
2025-06-30 13:31:39.649554,-24.65,937,573.2622826433104,140.88,37.51188686393233
2025-06-30 13:31:39.845389,-24.65,952,573.2622826433104,140.88,37.79366152844699
2025-06-30 13:31:40.048775,-24.65,891,573.2622826433104,140.88,36.647777892754064
2025-06-30 13:31:40.250706,-24.66,902,573.2622826433104,140.88,36.854412646731475
2025-06-30 13:31:40.455602,-24.66,909,573.2622826433104,140.88,36.98590749017165
2025-06-30 13:31:40.658755,-24.66,848,573.2622826433104,140.88,35.84002385447872
2025-06-30 13:31:40.860173,-24.67,1049,573.2622826433104,140.88,39.61580435897509
2025-06-30 13:31:41.063812,-24.67,982,573.2622826433104,140.88,38.357210857476296
2025-06-30 13:31:41.267705,-24.67,977,573.2622826433104,140.88,38.26328596930475
2025-06-30 13:31:41.471618,-24.68,1052,573.2622826433104,140.88,39.672159291878025
2025-06-30 13:31:41.673049,-24.68,957,573.2622826433104,140.88,37.88758641661855
2025-06-30 13:31:41.876081,-24.68,970,573.2622826433104,140.88,38.13179112586458
2025-06-30 13:31:42.078858,-24.69,1123,573.2622826433104,140.88,41.00589270391406
2025-06-30 13:31:42.281082,-24.69,994,573.2622826433104,140.88,38.582630589088026
2025-06-30 13:31:42.486565,-24.69,1101,573.2622826433104,140.88,40.59262319595923
2025-06-30 13:31:42.687057,-24.7,1030,573.2622826433104,140.88,39.258889783923195
2025-06-30 13:31:42.892844,-24.7,1167,573.2622826433104,140.88,41.83243171982372
2025-06-30 13:31:43.095605,-24.7,1100,573.2622826433104,140.88,40.573838218324916
2025-06-30 13:31:43.299439,-24.71,1137,573.2622826433104,140.88,41.2688823907944
2025-06-30 13:31:43.501290,-24.71,1026,573.2622826433104,140.88,39.183749873385956
2025-06-30 13:31:43.703992,-24.71,1173,573.2622826433104,140.88,41.94514158562957
2025-06-30 13:31:43.907751,-24.72,1096,573.2622826433104,140.88,40.49869830778768
2025-06-30 13:31:44.109290,-24.72,1235,573.2622826433104,140.88,43.10981019895681
2025-06-30 13:31:44.313570,-24.72,1110,573.2622826433104,140.88,40.76168799466802
2025-06-30 13:31:44.516030,-24.73,1131,573.2622826433104,140.88,41.15617252498854
2025-06-30 13:31:44.720860,-24.73,1070,573.2622826433104,140.88,40.0102888892956
2025-06-30 13:31:44.923719,-24.73,1089,573.2622826433104,140.88,40.367203464347504
2025-06-30 13:31:45.125797,-24.74,1106,573.2622826433104,140.88,40.68654808413078
2025-06-30 13:31:45.330680,-24.74,1103,573.2622826433104,140.88,40.63019315122784
2025-06-30 13:31:45.532867,-24.74,1082,573.2622826433104,140.88,40.23570862090734
2025-06-30 13:31:45.734694,-24.75,1013,573.2622826433104,140.88,38.93954516413992
2025-06-30 13:31:45.939094,-24.75,964,573.2622826433104,140.88,38.01908126005871
2025-06-30 13:31:46.143975,-24.75,991,573.2622826433104,140.88,38.52627565618509
2025-06-30 13:31:46.345809,-24.76,1034,573.2622826433104,140.88,39.33402969446044
2025-06-30 13:31:46.550480,-24.76,1063,573.2622826433104,140.88,39.878794045855436
2025-06-30 13:31:46.750960,-24.76,960,573.2622826433104,140.88,37.943941349521474
2025-06-30 13:31:46.952755,-24.77,961,573.2622826433104,140.88,37.962726327155785
2025-06-30 13:31:47.156632,-24.77,968,573.2622826433104,140.88,38.09422117059596
2025-06-30 13:31:47.361031,-24.77,919,573.2622826433104,140.88,37.173757266514755
2025-06-30 13:31:47.563664,-24.78,886,573.2622826433104,140.88,36.55385300458251
2025-06-30 13:31:47.765592,-24.78,867,573.2622826433104,140.88,36.19693842953062
2025-06-30 13:31:47.972411,-24.78,824,573.2622826433104,140.88,35.38918439125527
2025-06-30 13:31:48.173925,-24.79,897,573.2622826433104,140.88,36.76048775855992
2025-06-30 13:31:48.376516,-24.79,898,573.2622826433104,140.88,36.77927273619424
2025-06-30 13:31:48.577809,-24.79,849,573.2622826433104,140.88,35.858808832113034
2025-06-30 13:31:48.783401,-24.8,838,573.2622826433104,140.88,35.65217407813562
2025-06-30 13:31:48.985693,-24.8,873,573.2622826433104,140.88,36.30964829533647
2025-06-30 13:31:49.192219,-24.8,820,573.2622826433104,140.88,35.31404448071803
2025-06-30 13:31:49.391692,-24.81,813,573.2622826433104,140.88,35.18254963727786
2025-06-30 13:31:49.596443,-24.81,856,573.2622826433104,140.88,35.99030367555321
2025-06-30 13:31:49.797170,-24.81,839,573.2622826433104,140.88,35.670959055769934
2025-06-30 13:31:50.001717,-24.82,780,573.2622826433104,140.88,34.56264537534562
2025-06-30 13:31:50.203317,-24.82,811,573.2622826433104,140.88,35.14497968200924
2025-06-30 13:31:50.407649,-24.82,824,573.2622826433104,140.88,35.38918439125527
2025-06-30 13:31:50.612499,-24.83,801,573.2622826433104,140.88,34.957129905666136
2025-06-30 13:31:50.814382,-24.83,758,573.2622826433104,140.88,34.149375867390795
2025-06-30 13:31:51.015391,-24.83,703,573.2622826433104,140.88,33.11620209750373
2025-06-30 13:31:51.220876,-24.84,740,573.2622826433104,140.88,33.81124626997321
2025-06-30 13:31:51.424102,-24.84,749,573.2622826433104,140.88,33.980311068682
2025-06-30 13:31:51.628007,-24.84,708,573.2622826433104,140.88,33.210126985675274
2025-06-30 13:31:51.829200,-24.85,759,573.2622826433104,140.88,34.168160845025106
2025-06-30 13:31:52.032520,-24.85,736,573.2622826433104,140.88,33.73610635943597
2025-06-30 13:31:52.236271,-24.85,759,573.2622826433104,140.88,34.168160845025106
2025-06-30 13:31:52.439331,-24.86,812,573.2622826433104,140.88,35.163764659643554
2025-06-30 13:31:52.641186,-24.86,759,573.2622826433104,140.88,34.168160845025106
2025-06-30 13:31:52.845184,-24.86,788,573.2622826433104,140.88,34.71292519642011
2025-06-30 13:31:53.048272,-24.87,767,573.2622826433104,140.88,34.31844066609959
2025-06-30 13:31:53.251498,-24.87,838,573.2622826433104,140.88,35.65217407813562
2025-06-30 13:31:53.455732,-24.87,791,573.2622826433104,140.88,34.769280129323036
2025-06-30 13:31:53.658144,-24.88,732,573.2622826433104,140.88,33.66096644889872
2025-06-30 13:31:53.861610,-24.88,775,573.2622826433104,140.88,34.46872048717407
2025-06-30 13:31:54.064649,-24.88,820,573.2622826433104,140.88,35.31404448071803
2025-06-30 13:31:54.267163,-24.89,871,573.2622826433104,140.88,36.27207834006786
2025-06-30 13:31:54.469225,-24.89,904,573.2622826433104,140.88,36.89198260200009
2025-06-30 13:31:54.673731,-24.89,829,573.2622826433104,140.88,35.48310927942683
2025-06-30 13:31:54.876372,-24.9,878,573.2622826433104,140.88,36.40357318350803
2025-06-30 13:31:55.079557,-24.9,767,573.2622826433104,140.88,34.31844066609959
2025-06-30 13:31:55.281543,-24.9,816,573.2622826433104,140.88,35.23890457018079
2025-06-30 13:31:55.486404,-24.91,857,573.2622826433104,140.88,36.00908865318751
2025-06-30 13:31:55.690906,-24.91,782,573.2622826433104,140.88,34.60021533061424
2025-06-30 13:31:55.891726,-24.91,775,573.2622826433104,140.88,34.46872048717407
2025-06-30 13:31:56.094585,-24.92,770,573.2622826433104,140.88,34.374795599002525
2025-06-30 13:31:56.298038,-24.92,887,573.2622826433104,140.88,36.57263798221682
2025-06-30 13:31:56.502731,-24.92,852,573.2622826433104,140.88,35.91516376501597
2025-06-30 13:31:56.704327,-24.93,831,573.2622826433104,140.88,35.52067923469544
2025-06-30 13:31:56.907207,-24.93,788,573.2622826433104,140.88,34.71292519642011
2025-06-30 13:31:57.109671,-24.93,863,573.2622826433104,140.88,36.12179851899337
2025-06-30 13:31:57.315003,-24.94,830,573.2622826433104,140.88,35.50189425706113
2025-06-30 13:31:57.516498,-24.94,795,573.2622826433104,140.88,34.844420039860275
2025-06-30 13:31:57.718790,-24.94,874,573.2622826433104,140.88,36.32843327297079
2025-06-30 13:31:57.923653,-24.95,871,573.2622826433104,140.88,36.27207834006786
2025-06-30 13:31:58.128196,-24.95,836,573.2622826433104,140.88,35.614604122867
2025-06-30 13:31:58.328812,-24.95,867,573.2622826433104,140.88,36.19693842953062
2025-06-30 13:31:58.532144,-24.96,930,573.2622826433104,140.88,37.38039202049217
2025-06-30 13:31:58.735295,-24.96,893,573.2622826433104,140.88,36.68534784802268
2025-06-30 13:31:58.940350,-24.96,884,573.2622826433104,140.88,36.5162830493139
2025-06-30 13:31:59.141897,-24.97,775,573.2622826433104,140.88,34.46872048717407
2025-06-30 13:31:59.345511,-24.97,878,573.2622826433104,140.88,36.40357318350803
2025-06-30 13:31:59.547046,-24.97,881,573.2622826433104,140.88,36.45992811641096
2025-06-30 13:31:59.750936,-24.98,920,573.2622826433104,140.88,37.19254224414906
2025-06-30 13:31:59.955684,-24.98,963,573.2622826433104,140.88,38.00029628242441
2025-06-30 13:32:00.157859,-24.98,938,573.2622826433104,140.88,37.530671841566644
2025-06-30 13:32:00.360502,-24.99,1093,573.2622826433104,140.88,40.44234337488475
2025-06-30 13:32:00.564361,-24.99,1048,573.2622826433104,140.88,39.59701938134078
2025-06-30 13:32:00.766023,-24.99,1033,573.2622826433104,140.88,39.31524471682612
2025-06-30 13:32:00.970789,-25.0,992,573.2622826433104,140.88,38.5450606338194
2025-06-30 13:32:01.172115,-25.0,965,573.2622826433104,140.88,38.037866237693024
2025-06-30 13:32:01.377340,-25.0,1026,573.2622826433104,140.88,39.183749873385956
2025-06-30 13:32:01.580137,-25.01,1037,573.2622826433104,140.88,39.39038462736336
2025-06-30 13:32:01.782836,-25.01,1058,573.2622826433104,140.88,39.784869157683886
2025-06-30 13:32:01.984554,-25.01,1035,573.2622826433104,140.88,39.35281467209475
2025-06-30 13:32:02.190509,-25.02,1018,573.2622826433104,140.88,39.03347005231147
2025-06-30 13:32:02.391329,-25.02,1067,573.2622826433104,140.88,39.953933956392675
2025-06-30 13:32:02.594871,-25.02,1078,573.2622826433104,140.88,40.16056871037009
2025-06-30 13:32:02.797090,-25.03,1097,573.2622826433104,140.88,40.51748328542198
2025-06-30 13:32:03.001120,-25.03,1030,573.2622826433104,140.88,39.258889783923195
2025-06-30 13:32:03.205115,-25.03,1143,573.2622826433104,140.88,41.381592256600264
2025-06-30 13:32:03.407187,-25.04,1096,573.2622826433104,140.88,40.49869830778768
2025-06-30 13:32:03.611633,-25.04,1101,573.2622826433104,140.88,40.59262319595923
2025-06-30 13:32:03.813398,-25.04,1120,573.2622826433104,140.88,40.94953777101113
2025-06-30 13:32:04.015064,-25.05,1185,573.2622826433104,140.88,42.170561317241294
2025-06-30 13:32:04.221070,-25.05,1134,573.2622826433104,140.88,41.21252745789147
2025-06-30 13:32:04.424123,-25.05,1115,573.2622826433104,140.88,40.85561288283957
2025-06-30 13:32:04.627346,-25.06,1154,573.2622826433104,140.88,41.588227010577675
2025-06-30 13:32:04.831104,-25.06,1189,573.2622826433104,140.88,42.24570122777854
2025-06-30 13:32:05.032416,-25.06,1238,573.2622826433104,140.88,43.16616513185974
2025-06-30 13:32:05.234811,-25.07,1181,573.2622826433104,140.88,42.095421406704055
2025-06-30 13:32:05.439393,-25.07,1150,573.2622826433104,140.88,41.51308710004043
2025-06-30 13:32:05.641930,-25.07,1255,573.2622826433104,140.88,43.48550975164302
2025-06-30 13:32:05.844588,-25.08,1294,573.2622826433104,140.88,44.21812387938112
2025-06-30 13:32:06.046588,-25.08,1189,573.2622826433104,140.88,42.24570122777854
2025-06-30 13:32:06.252598,-25.08,1218,573.2622826433104,140.88,42.790465579173535
2025-06-30 13:32:06.455051,-25.09,1123,573.2622826433104,140.88,41.00589270391406
2025-06-30 13:32:06.658521,-25.09,1220,573.2622826433104,140.88,42.82803553444215
2025-06-30 13:32:06.861437,-25.09,1167,573.2622826433104,140.88,41.83243171982372
2025-06-30 13:32:07.062914,-25.1,1158,573.2622826433104,140.88,41.663366921114914
2025-06-30 13:32:07.267725,-25.1,1185,573.2622826433104,140.88,42.170561317241294
2025-06-30 13:32:07.470117,-25.1,1146,573.2622826433104,140.88,41.4379471895032
2025-06-30 13:32:07.671271,-25.11,1093,573.2622826433104,140.88,40.44234337488475
2025-06-30 13:32:07.875429,-25.11,1146,573.2622826433104,140.88,41.4379471895032
2025-06-30 13:32:08.078758,-25.11,1129,573.2622826433104,140.88,41.118602569719926
2025-06-30 13:32:08.284829,-25.12,1144,573.2622826433104,140.88,41.40037723423457
2025-06-30 13:32:08.486616,-25.12,1095,573.2622826433104,140.88,40.479913330153366
2025-06-30 13:32:08.688106,-25.12,1096,573.2622826433104,140.88,40.49869830778768
2025-06-30 13:32:08.891704,-25.13,1011,573.2622826433104,140.88,38.9019752088713
2025-06-30 13:32:09.096468,-25.13,974,573.2622826433104,140.88,38.20693103640182
2025-06-30 13:32:09.298581,-25.13,1063,573.2622826433104,140.88,39.878794045855436
2025-06-30 13:32:09.501842,-25.14,1052,573.2622826433104,140.88,39.672159291878025
2025-06-30 13:32:09.703962,-25.14,1077,573.2622826433104,140.88,40.14178373273578
2025-06-30 13:32:09.908194,-25.14,1044,573.2622826433104,140.88,39.52187947080355
2025-06-30 13:32:10.111533,-25.15,1103,573.2622826433104,140.88,40.63019315122784
2025-06-30 13:32:10.313112,-25.15,1138,573.2622826433104,140.88,41.28766736842871
2025-06-30 13:32:10.516845,-25.15,1071,573.2622826433104,140.88,40.02907386692991
2025-06-30 13:32:10.721093,-25.16,1102,573.2622826433104,140.88,40.61140817359354
2025-06-30 13:32:10.921620,-25.16,1103,573.2622826433104,140.88,40.63019315122784
2025-06-30 13:32:11.125280,-25.16,1152,573.2622826433104,140.88,41.55065705530905
2025-06-30 13:32:11.329433,-25.17,1063,573.2622826433104,140.88,39.878794045855436
2025-06-30 13:32:11.530832,-25.17,990,573.2622826433104,140.88,38.50749067855079
2025-06-30 13:32:11.734196,-25.17,1023,573.2622826433104,140.88,39.12739494048302
2025-06-30 13:32:11.938006,-25.18,986,573.2622826433104,140.88,38.432350768013535
2025-06-30 13:32:12.142694,-25.18,1015,573.2622826433104,140.88,38.97711511940854
2025-06-30 13:32:12.344036,-25.18,924,573.2622826433104,140.88,37.2676821546863
2025-06-30 13:32:12.548078,-25.19,993,573.2622826433104,140.88,38.563845611453715
2025-06-30 13:32:12.751644,-25.19,974,573.2622826433104,140.88,38.20693103640182
2025-06-30 13:32:12.954336,-25.19,975,573.2622826433104,140.88,38.225716014036124
2025-06-30 13:32:13.160402,-25.2,868,573.2622826433104,140.88,36.21572340716492
2025-06-30 13:32:13.360103,-25.2,861,573.2622826433104,140.88,36.08422856372476
2025-06-30 13:32:13.564989,-25.2,920,573.2622826433104,140.88,37.19254224414906
2025-06-30 13:32:13.765673,-25.21,825,573.2622826433104,140.88,35.40796936888959
2025-06-30 13:32:13.969785,-25.21,838,573.2622826433104,140.88,35.65217407813562
2025-06-30 13:32:14.175390,-25.21,943,573.2622826433104,140.88,37.6245967297382
2025-06-30 13:32:14.376498,-25.22,898,573.2622826433104,140.88,36.77927273619424
2025-06-30 13:32:14.580277,-25.22,833,573.2622826433104,140.88,35.558249189964066
2025-06-30 13:32:14.781824,-25.22,898,573.2622826433104,140.88,36.77927273619424
2025-06-30 13:32:14.985184,-25.23,895,573.2622826433104,140.88,36.72291780329131
2025-06-30 13:32:15.189898,-25.23,878,573.2622826433104,140.88,36.40357318350803
2025-06-30 13:32:15.391667,-25.23,923,573.2622826433104,140.88,37.248897177051994
2025-06-30 13:32:15.595080,-25.24,886,573.2622826433104,140.88,36.55385300458251
2025-06-30 13:32:15.799400,-25.24,835,573.2622826433104,140.88,35.59581914523269
2025-06-30 13:32:16.003061,-25.24,974,573.2622826433104,140.88,38.20693103640182
2025-06-30 13:32:16.206533,-25.25,1017,573.2622826433104,140.88,39.01468507467716
2025-06-30 13:32:16.406427,-25.25,882,573.2622826433104,140.88,36.47871309404527
2025-06-30 13:32:16.611257,-25.25,913,573.2622826433104,140.88,37.06104740070889
2025-06-30 13:32:16.813628,-25.26,920,573.2622826433104,140.88,37.19254224414906
2025-06-30 13:32:17.015789,-25.26,927,573.2622826433104,140.88,37.32403708758923
2025-06-30 13:32:17.218382,-25.26,954,573.2622826433104,140.88,37.83123148371561
2025-06-30 13:32:17.423115,-25.27,1043,573.2622826433104,140.88,39.50309449316923
2025-06-30 13:32:17.626229,-25.27,996,573.2622826433104,140.88,38.62020054435664
2025-06-30 13:32:17.828681,-25.27,1093,573.2622826433104,140.88,40.44234337488475
2025-06-30 13:32:18.032724,-25.28,1000,573.2622826433104,140.88,38.69534045489389
2025-06-30 13:32:18.234509,-25.28,917,573.2622826433104,140.88,37.13618731124613
2025-06-30 13:32:18.437501,-25.28,992,573.2622826433104,140.88,38.5450606338194
2025-06-30 13:32:18.641972,-25.29,1005,573.2622826433104,140.88,38.78926534306544
2025-06-30 13:32:18.842997,-25.29,990,573.2622826433104,140.88,38.50749067855079
2025-06-30 13:32:19.047662,-25.29,851,573.2622826433104,140.88,35.89637878738165
2025-06-30 13:32:19.251780,-25.3,952,573.2622826433104,140.88,37.79366152844699
2025-06-30 13:32:19.454352,-25.3,911,573.2622826433104,140.88,37.023477445440264
2025-06-30 13:32:19.658563,-25.3,986,573.2622826433104,140.88,38.432350768013535
2025-06-30 13:32:19.860661,-25.31,941,573.2622826433104,140.88,37.58702677446958
2025-06-30 13:32:20.064619,-25.31,1050,573.2622826433104,140.88,39.634589336609395
2025-06-30 13:32:20.267744,-25.31,1023,573.2622826433104,140.88,39.12739494048302
2025-06-30 13:32:20.469765,-25.32,1004,573.2622826433104,140.88,38.770480365431126
2025-06-30 13:32:20.673933,-25.32,905,573.2622826433104,140.88,36.91076757963441
2025-06-30 13:32:20.877274,-25.32,952,573.2622826433104,140.88,37.79366152844699
2025-06-30 13:32:21.077744,-25.33,989,573.2622826433104,140.88,38.48870570091647
2025-06-30 13:32:21.281654,-25.33,1026,573.2622826433104,140.88,39.183749873385956
2025-06-30 13:32:21.484713,-25.33,909,573.2622826433104,140.88,36.98590749017165
2025-06-30 13:32:21.689302,-25.34,878,573.2622826433104,140.88,36.40357318350803
2025-06-30 13:32:21.892039,-25.34,983,573.2622826433104,140.88,38.375995835110615
2025-06-30 13:32:22.094376,-25.34,976,573.2622826433104,140.88,38.24450099167044
2025-06-30 13:32:22.298351,-25.35,1035,573.2622826433104,140.88,39.35281467209475
2025-06-30 13:32:22.500462,-25.35,1078,573.2622826433104,140.88,40.16056871037009
2025-06-30 13:32:22.704550,-25.35,889,573.2622826433104,140.88,36.61020793748544
2025-06-30 13:32:22.907374,-25.36,956,573.2622826433104,140.88,37.868801438984235
2025-06-30 13:32:23.109404,-25.36,957,573.2622826433104,140.88,37.88758641661855
2025-06-30 13:32:23.315208,-25.36,964,573.2622826433104,140.88,38.01908126005871
2025-06-30 13:32:23.514720,-25.37,893,573.2622826433104,140.88,36.68534784802268
2025-06-30 13:32:23.719332,-25.37,1050,573.2622826433104,140.88,39.634589336609395
2025-06-30 13:32:23.922808,-25.37,979,573.2622826433104,140.88,38.30085592457337
2025-06-30 13:32:24.127294,-25.38,1008,573.2622826433104,140.88,38.84562027596837
2025-06-30 13:32:24.329058,-25.38,989,573.2622826433104,140.88,38.48870570091647
2025-06-30 13:32:24.530829,-25.38,956,573.2622826433104,140.88,37.868801438984235
2025-06-30 13:32:24.732847,-25.39,943,573.2622826433104,140.88,37.6245967297382
2025-06-30 13:32:24.938200,-25.39,1066,573.2622826433104,140.88,39.93514897875837
2025-06-30 13:32:25.143525,-25.39,931,573.2622826433104,140.88,37.39917699812647
2025-06-30 13:32:25.343751,-25.4,1096,573.2622826433104,140.88,40.49869830778768
2025-06-30 13:32:25.547192,-25.4,1015,573.2622826433104,140.88,38.97711511940854
2025-06-30 13:32:25.751774,-25.4,998,573.2622826433104,140.88,38.657770499625265
2025-06-30 13:32:25.953943,-25.41,1115,573.2622826433104,140.88,40.85561288283957
2025-06-30 13:32:26.158731,-25.41,1018,573.2622826433104,140.88,39.03347005231147
2025-06-30 13:32:26.360521,-25.41,1063,573.2622826433104,140.88,39.878794045855436
2025-06-30 13:32:26.562178,-25.42,1036,573.2622826433104,140.88,39.371599649729056
2025-06-30 13:32:26.766515,-25.42,1107,573.2622826433104,140.88,40.70533306176509
2025-06-30 13:32:26.970411,-25.42,1074,573.2622826433104,140.88,40.08542879983285
2025-06-30 13:32:27.173823,-25.43,1127,573.2622826433104,140.88,41.081032614451296
2025-06-30 13:32:27.375399,-25.43,1040,573.2622826433104,140.88,39.4467395602663
2025-06-30 13:32:27.579626,-25.43,1167,573.2622826433104,140.88,41.83243171982372
2025-06-30 13:32:27.782721,-25.44,1262,573.2622826433104,140.88,43.61700459508319
2025-06-30 13:32:27.984994,-25.44,1163,573.2622826433104,140.88,41.75729180928647
2025-06-30 13:32:28.188307,-25.44,1264,573.2622826433104,140.88,43.65457455035181
2025-06-30 13:32:28.392335,-25.45,1147,573.2622826433104,140.88,41.4567321671375
2025-06-30 13:32:28.595519,-25.45,1220,573.2622826433104,140.88,42.82803553444215
2025-06-30 13:32:28.797114,-25.45,1233,573.2622826433104,140.88,43.07224024368819
2025-06-30 13:32:28.998501,-25.46,1240,573.2622826433104,140.88,43.20373508712836
2025-06-30 13:32:29.205018,-25.46,1305,573.2622826433104,140.88,44.42475863335853
2025-06-30 13:32:29.408319,-25.46,1256,573.2622826433104,140.88,43.504294729277326
2025-06-30 13:32:29.611016,-25.47,1339,573.2622826433104,140.88,45.06344787292508
2025-06-30 13:32:29.813688,-25.47,1334,573.2622826433104,140.88,44.96952298475353
2025-06-30 13:32:30.015043,-25.47,1247,573.2622826433104,140.88,43.33522993056854
2025-06-30 13:32:30.221986,-25.48,1346,573.2622826433104,140.88,45.194942716365254
2025-06-30 13:32:30.422127,-25.48,1353,573.2622826433104,140.88,45.32643755980542
2025-06-30 13:32:30.624982,-25.48,1308,573.2622826433104,140.88,44.48111356626146
2025-06-30 13:32:30.830113,-25.49,1339,573.2622826433104,140.88,45.06344787292508
2025-06-30 13:32:31.031811,-25.49,1378,573.2622826433104,140.88,45.796062000663184
2025-06-30 13:32:31.236474,-25.49,1425,573.2622826433104,140.88,46.67895594947577
2025-06-30 13:32:31.450119,-25.5,1434,573.2622826433104,140.88,46.84802074818457
2025-06-30 13:32:31.641735,-25.5,1471,573.2622826433104,140.88,47.54306492065404
2025-06-30 13:32:31.845218,-25.5,1396,573.2622826433104,140.88,46.13419159808077
2025-06-30 13:32:32.048135,-25.51,1483,573.2622826433104,140.88,47.76848465226577
2025-06-30 13:32:32.251744,-25.51,1444,573.2622826433104,140.88,47.03587052452766
2025-06-30 13:32:32.453749,-25.51,1403,573.2622826433104,140.88,46.26568644152094
2025-06-30 13:32:32.659628,-25.52,1442,573.2622826433104,140.88,46.998300569259044
2025-06-30 13:32:32.860897,-25.52,1423,573.2622826433104,140.88,46.641385994207155
2025-06-30 13:32:33.062893,-25.52,1408,573.2622826433104,140.88,46.3596113296925
2025-06-30 13:32:33.265625,-25.53,1571,573.2622826433104,140.88,49.42156268408507
2025-06-30 13:32:33.470837,-25.53,1478,573.2622826433104,140.88,47.67455976409422
2025-06-30 13:32:33.672508,-25.53,1511,573.2622826433104,140.88,48.29446402602646
2025-06-30 13:32:33.876768,-25.54,1540,573.2622826433104,140.88,48.83922837742145
2025-06-30 13:32:34.078113,-25.54,1535,573.2622826433104,140.88,48.7453034892499
2025-06-30 13:32:34.282344,-25.54,1550,573.2622826433104,140.88,49.027078153764556
2025-06-30 13:32:34.486803,-25.55,1529,573.2622826433104,140.88,48.63259362344404
2025-06-30 13:32:34.690781,-25.55,1568,573.2622826433104,140.88,49.36520775118215
2025-06-30 13:32:34.892853,-25.55,1569,573.2622826433104,140.88,49.38399272881646
2025-06-30 13:32:35.094362,-25.56,1582,573.2622826433104,140.88,49.628197438062486
2025-06-30 13:32:35.298446,-25.56,1497,573.2622826433104,140.88,48.03147433914611
2025-06-30 13:32:35.502037,-25.56,1580,573.2622826433104,140.88,49.59062748279387
2025-06-30 13:32:35.703814,-25.57,1597,573.2622826433104,140.88,49.90997210257714
2025-06-30 13:32:35.908095,-25.57,1576,573.2622826433104,140.88,49.515487572256625
2025-06-30 13:32:36.110411,-25.57,1541,573.2622826433104,140.88,48.85801335505577
2025-06-30 13:32:36.313381,-25.58,1546,573.2622826433104,140.88,48.95193824322731
2025-06-30 13:32:36.514333,-25.58,1523,573.2622826433104,140.88,48.519883757638176
2025-06-30 13:32:36.722935,-25.58,1510,573.2622826433104,140.88,48.27567904839215
2025-06-30 13:32:36.923769,-25.59,1559,573.2622826433104,140.88,49.19614295247335
2025-06-30 13:32:37.125544,-25.59,1546,573.2622826433104,140.88,48.95193824322731
2025-06-30 13:32:37.327680,-25.59,1407,573.2622826433104,140.88,46.34082635205818
2025-06-30 13:32:37.531119,-25.6,1438,573.2622826433104,140.88,46.9231606587218
2025-06-30 13:32:37.735426,-25.6,1453,573.2622826433104,140.88,47.204935323236455
2025-06-30 13:32:37.939138,-25.6,1426,573.2622826433104,140.88,46.69774092711008
2025-06-30 13:32:38.143582,-25.61,1433,573.2622826433104,140.88,46.82923577055025
2025-06-30 13:32:38.344986,-25.61,1424,573.2622826433104,140.88,46.66017097184146
2025-06-30 13:32:38.549241,-25.61,1413,573.2622826433104,140.88,46.45353621786405
2025-06-30 13:32:38.751453,-25.62,1338,573.2622826433104,140.88,45.04466289529078
2025-06-30 13:32:38.955541,-25.62,1353,573.2622826433104,140.88,45.32643755980542
2025-06-30 13:32:39.159139,-25.62,1414,573.2622826433104,140.88,46.47232119549835
2025-06-30 13:32:39.360217,-25.63,1275,573.2622826433104,140.88,43.86120930432922
2025-06-30 13:32:39.564188,-25.63,1346,573.2622826433104,140.88,45.194942716365254
2025-06-30 13:32:39.765834,-25.63,1323,573.2622826433104,140.88,44.76288823077612
2025-06-30 13:32:39.970545,-25.64,1300,573.2622826433104,140.88,44.33083374518698
2025-06-30 13:32:40.173245,-25.64,1243,573.2622826433104,140.88,43.26009002003129
2025-06-30 13:32:40.375657,-25.64,1364,573.2622826433104,140.88,45.53307231378284
2025-06-30 13:32:40.579339,-25.65,1231,573.2622826433104,140.88,43.03467028841956
2025-06-30 13:32:40.781045,-25.65,1224,573.2622826433104,140.88,42.90317544497939
2025-06-30 13:32:40.987399,-25.65,1317,573.2622826433104,140.88,44.65017836497026
2025-06-30 13:32:41.188986,-25.66,1312,573.2622826433104,140.88,44.5562534767987
2025-06-30 13:32:41.391462,-25.66,1361,573.2622826433104,140.88,45.47671738087991
2025-06-30 13:32:41.593755,-25.67,1362,573.2622826433104,140.88,45.495502358514216
2025-06-30 13:32:41.798117,-25.67,1303,573.2622826433104,140.88,44.38718867808991
2025-06-30 13:32:42.002681,-25.67,1312,573.2622826433104,140.88,44.5562534767987
2025-06-30 13:32:42.203541,-25.67,1303,573.2622826433104,140.88,44.38718867808991
2025-06-30 13:32:42.406721,-25.68,1400,573.2622826433104,140.88,46.20933150861801
2025-06-30 13:32:42.611215,-25.68,1313,573.2622826433104,140.88,44.57503845443302
2025-06-30 13:32:42.811454,-25.68,1366,573.2622826433104,140.88,45.57064226905146
2025-06-30 13:32:43.015157,-25.69,1283,573.2622826433104,140.88,44.011489125403706
2025-06-30 13:32:43.218561,-25.69,1352,573.2622826433104,140.88,45.307652582171116
2025-06-30 13:32:43.424598,-25.69,1363,573.2622826433104,140.88,45.51428733614853
2025-06-30 13:32:43.626622,-25.7,1326,573.2622826433104,140.88,44.81924316367904
2025-06-30 13:32:43.828646,-25.7,1231,573.2622826433104,140.88,43.03467028841956
2025-06-30 13:32:44.032744,-25.7,1318,573.2622826433104,140.88,44.66896334260456
2025-06-30 13:32:44.234819,-25.71,1273,573.2622826433104,140.88,43.8236393490606
2025-06-30 13:32:44.438358,-25.71,1220,573.2622826433104,140.88,42.82803553444215
2025-06-30 13:32:44.644267,-25.72,1269,573.2622826433104,140.88,43.74849943852337
2025-06-30 13:32:44.845121,-25.72,1262,573.2622826433104,140.88,43.61700459508319
2025-06-30 13:32:45.047793,-25.72,1201,573.2622826433104,140.88,42.47112095939026
2025-06-30 13:32:45.252326,-25.73,1226,573.2622826433104,140.88,42.94074540024802
2025-06-30 13:32:45.453545,-25.73,1303,573.2622826433104,140.88,44.38718867808991
2025-06-30 13:32:45.657926,-25.73,1302,573.2622826433104,140.88,44.3684037004556
2025-06-30 13:32:45.859970,-25.74,1227,573.2622826433104,140.88,42.959530377882324
2025-06-30 13:32:46.064810,-25.74,1242,573.2622826433104,140.88,43.24130504239699
2025-06-30 13:32:46.267985,-25.74,1175,573.2622826433104,140.88,41.982711540898194
2025-06-30 13:32:46.469389,-25.75,1272,573.2622826433104,140.88,43.804854371426295
2025-06-30 13:32:46.674273,-25.75,1261,573.2622826433104,140.88,43.598219617448876
2025-06-30 13:32:46.875928,-25.75,1180,573.2622826433104,140.88,42.076636429069744
2025-06-30 13:32:47.078444,-25.76,1219,573.2622826433104,140.88,42.80925055680785
2025-06-30 13:32:47.280467,-25.76,1254,573.2622826433104,140.88,43.4667247740087
2025-06-30 13:32:47.487211,-25.76,1153,573.2622826433104,140.88,41.56944203294337
2025-06-30 13:32:47.689150,-25.77,1212,573.2622826433104,140.88,42.677755713367674
2025-06-30 13:32:47.889592,-25.77,1227,573.2622826433104,140.88,42.959530377882324
2025-06-30 13:32:48.093565,-25.77,1162,573.2622826433104,140.88,41.73850683165216
2025-06-30 13:32:48.296502,-25.78,1153,573.2622826433104,140.88,41.56944203294337
2025-06-30 13:32:48.500040,-25.78,1190,573.2622826433104,140.88,42.264486205412844
2025-06-30 13:32:48.703745,-25.78,1143,573.2622826433104,140.88,41.381592256600264
2025-06-30 13:32:48.906294,-25.79,1124,573.2622826433104,140.88,41.02467768154836
2025-06-30 13:32:49.110138,-25.79,1155,573.2622826433104,140.88,41.60701198821198
2025-06-30 13:32:49.313793,-25.79,1082,573.2622826433104,140.88,40.23570862090734
2025-06-30 13:32:49.515802,-25.8,1171,573.2622826433104,140.88,41.90757163036095
2025-06-30 13:32:49.719757,-25.8,1232,573.2622826433104,140.88,43.05345526605388
2025-06-30 13:32:49.922063,-25.8,1109,573.2622826433104,140.88,40.74290301703372
2025-06-30 13:32:50.127081,-25.81,1146,573.2622826433104,140.88,41.4379471895032
2025-06-30 13:32:50.329762,-25.81,1103,573.2622826433104,140.88,40.63019315122784
2025-06-30 13:32:50.532065,-25.81,1088,573.2622826433104,140.88,40.34841848671319
2025-06-30 13:32:50.734112,-25.82,1125,573.2622826433104,140.88,41.043462659182666
2025-06-30 13:32:50.939128,-25.82,1266,573.2622826433104,140.88,43.69214450562043
2025-06-30 13:32:51.142431,-25.82,1239,573.2622826433104,140.88,43.18495010949405
2025-06-30 13:32:51.345391,-25.83,1166,573.2622826433104,140.88,41.81364674218939
2025-06-30 13:32:51.547999,-25.83,1207,573.2622826433104,140.88,42.58383082519612
2025-06-30 13:32:51.750820,-25.83,1242,573.2622826433104,140.88,43.24130504239699
2025-06-30 13:32:51.954626,-25.84,1199,573.2622826433104,140.88,42.43355100412163
2025-06-30 13:32:52.158277,-25.84,1182,573.2622826433104,140.88,42.11420638433836
2025-06-30 13:32:52.361594,-25.84,1317,573.2622826433104,140.88,44.65017836497026
2025-06-30 13:32:52.562737,-25.85,1268,573.2622826433104,140.88,43.72971446088904
2025-06-30 13:32:52.768156,-25.85,1233,573.2622826433104,140.88,43.07224024368819
2025-06-30 13:32:52.969216,-25.85,1360,573.2622826433104,140.88,45.4579324032456
2025-06-30 13:32:53.172502,-25.86,1317,573.2622826433104,140.88,44.65017836497026
2025-06-30 13:32:53.377371,-25.86,1278,573.2622826433104,140.88,43.91756423723215
2025-06-30 13:32:53.580454,-25.86,1315,573.2622826433104,140.88,44.61260840970163
2025-06-30 13:32:53.782304,-25.87,1290,573.2622826433104,140.88,44.14298396884388
2025-06-30 13:32:53.986418,-25.87,1451,573.2622826433104,140.88,47.16736536796784
2025-06-30 13:32:54.187719,-25.87,1304,573.2622826433104,140.88,44.40597365572422
2025-06-30 13:32:54.391762,-25.88,1345,573.2622826433104,140.88,45.17615773873094
2025-06-30 13:32:54.593332,-25.88,1400,573.2622826433104,140.88,46.20933150861801
2025-06-30 13:32:54.797264,-25.88,1415,573.2622826433104,140.88,46.49110617313267
2025-06-30 13:32:54.998882,-25.89,1382,573.2622826433104,140.88,45.87120191120043
2025-06-30 13:32:55.203374,-25.89,1333,573.2622826433104,140.88,44.95073800711922
2025-06-30 13:32:55.409373,-25.89,1330,573.2622826433104,140.88,44.89438307421629
2025-06-30 13:32:55.610538,-25.9,1403,573.2622826433104,140.88,46.26568644152094
2025-06-30 13:32:55.812577,-25.9,1406,573.2622826433104,140.88,46.32204137442387
2025-06-30 13:32:56.015004,-25.9,1373,573.2622826433104,140.88,45.70213711249163
2025-06-30 13:32:56.220434,-25.91,1400,573.2622826433104,140.88,46.20933150861801
2025-06-30 13:32:56.423058,-25.91,1383,573.2622826433104,140.88,45.889986888834734
2025-06-30 13:32:56.626455,-25.91,1408,573.2622826433104,140.88,46.3596113296925
2025-06-30 13:32:56.828907,-25.92,1393,573.2622826433104,140.88,46.07783666517784
2025-06-30 13:32:57.032128,-25.92,1432,573.2622826433104,140.88,46.810450792915944
2025-06-30 13:32:57.235827,-25.92,1491,573.2622826433104,140.88,47.91876447334025
2025-06-30 13:32:57.439994,-25.93,1514,573.2622826433104,140.88,48.350818958929395
2025-06-30 13:32:57.641218,-25.93,1515,573.2622826433104,140.88,48.3696039365637
2025-06-30 13:32:57.844936,-25.93,1518,573.2622826433104,140.88,48.425958869466626
2025-06-30 13:32:58.046490,-25.94,1507,573.2622826433104,140.88,48.219324115489215
2025-06-30 13:32:58.251371,-25.94,1544,573.2622826433104,140.88,48.914368287958695
2025-06-30 13:32:58.453506,-25.94,1463,573.2622826433104,140.88,47.39278509957956
2025-06-30 13:32:58.656729,-25.95,1452,573.2622826433104,140.88,47.186150345602144
2025-06-30 13:32:58.859537,-25.95,1365,573.2622826433104,140.88,45.55185729141716
2025-06-30 13:32:59.063135,-25.95,1470,573.2622826433104,140.88,47.524279943019735
2025-06-30 13:32:59.265604,-25.96,1465,573.2622826433104,140.88,47.43035505484818
2025-06-30 13:32:59.469685,-25.96,1488,573.2622826433104,140.88,47.86240954043732
2025-06-30 13:32:59.672679,-25.96,1389,573.2622826433104,140.88,46.002696754640596
2025-06-30 13:32:59.875348,-25.97,1474,573.2622826433104,140.88,47.599419853556974
2025-06-30 13:33:00.078366,-25.97,1537,573.2622826433104,140.88,48.78287344451852
2025-06-30 13:33:00.282546,-25.97,1544,573.2622826433104,140.88,48.914368287958695
2025-06-30 13:33:00.484381,-25.98,1541,573.2622826433104,140.88,48.85801335505577
2025-06-30 13:33:00.687420,-25.98,1558,573.2622826433104,140.88,49.17735797483905
2025-06-30 13:33:00.891595,-25.98,1489,573.2622826433104,140.88,47.88119451807163
2025-06-30 13:33:01.094200,-25.99,1502,573.2622826433104,140.88,48.12539922731766
2025-06-30 13:33:01.297237,-25.99,1457,573.2622826433104,140.88,47.2800752337737
2025-06-30 13:33:01.500303,-25.99,1492,573.2622826433104,140.88,47.93754945097456
2025-06-30 13:33:01.704383,-26.0,1591,573.2622826433104,140.88,49.79726223677128
2025-06-30 13:33:01.907381,-26.0,1552,573.2622826433104,140.88,49.06464810903318
2025-06-30 13:33:02.110958,-26.0,1509,573.2622826433104,140.88,48.25689407075784
2025-06-30 13:33:02.312769,-26.01,1540,573.2622826433104,140.88,48.83922837742145
2025-06-30 13:33:02.514846,-26.01,1567,573.2622826433104,140.88,49.34642277354783
2025-06-30 13:33:02.719266,-26.01,1432,573.2622826433104,140.88,46.810450792915944
2025-06-30 13:33:02.923673,-26.02,1535,573.2622826433104,140.88,48.7453034892499
2025-06-30 13:33:03.125919,-26.02,1450,573.2622826433104,140.88,47.14858039033352
2025-06-30 13:33:03.328864,-26.02,1469,573.2622826433104,140.88,47.50549496538542
2025-06-30 13:33:03.530303,-26.03,1448,573.2622826433104,140.88,47.111010435064905
2025-06-30 13:33:03.733438,-26.03,1445,573.2622826433104,140.88,47.05465550216198
2025-06-30 13:33:03.937735,-26.03,1512,573.2622826433104,140.88,48.313249003660765
2025-06-30 13:33:04.142401,-26.04,1351,573.2622826433104,140.88,45.288867604536804
2025-06-30 13:33:04.343371,-26.04,1386,573.2622826433104,140.88,45.94634182173767
2025-06-30 13:33:04.546054,-26.04,1409,573.2622826433104,140.88,46.3783963073268
2025-06-30 13:33:04.751340,-26.05,1474,573.2622826433104,140.88,47.599419853556974
2025-06-30 13:33:04.951980,-26.05,1257,573.2622826433104,140.88,43.52307970691163
2025-06-30 13:33:05.155575,-26.05,1296,573.2622826433104,140.88,44.25569383464974
2025-06-30 13:33:05.359154,-26.06,1339,573.2622826433104,140.88,45.06344787292508
2025-06-30 13:33:05.562898,-26.06,1344,573.2622826433104,140.88,45.15737276109664
2025-06-30 13:33:05.765258,-26.06,1295,573.2622826433104,140.88,44.23690885701542
2025-06-30 13:33:05.969111,-26.07,1294,573.2622826433104,140.88,44.21812387938112
2025-06-30 13:33:06.172311,-26.07,1251,573.2622826433104,140.88,43.41036984110577
2025-06-30 13:33:06.375115,-26.07,1224,573.2622826433104,140.88,42.90317544497939
2025-06-30 13:33:06.578570,-26.08,1175,573.2622826433104,140.88,41.982711540898194
2025-06-30 13:33:06.781137,-26.08,1338,573.2622826433104,140.88,45.04466289529078
2025-06-30 13:33:06.984881,-26.08,1143,573.2622826433104,140.88,41.381592256600264
2025-06-30 13:33:07.188145,-26.09,1232,573.2622826433104,140.88,43.05345526605388
2025-06-30 13:33:07.391566,-26.09,1281,573.2622826433104,140.88,43.97391917013508
2025-06-30 13:33:07.594582,-26.09,1132,573.2622826433104,140.88,41.174957502622846
2025-06-30 13:33:07.797393,-26.1,1183,573.2622826433104,140.88,42.132991361972664
2025-06-30 13:33:08.001074,-26.1,1110,573.2622826433104,140.88,40.76168799466802
2025-06-30 13:33:08.203965,-26.1,1091,573.2622826433104,140.88,40.40477341961612
2025-06-30 13:33:08.406354,-26.11,1172,573.2622826433104,140.88,41.92635660799525
2025-06-30 13:33:08.609788,-26.11,1153,573.2622826433104,140.88,41.56944203294337
2025-06-30 13:33:08.813576,-26.11,1092,573.2622826433104,140.88,40.42355839725043
2025-06-30 13:33:09.015649,-26.12,1093,573.2622826433104,140.88,40.44234337488475
2025-06-30 13:33:09.219436,-26.12,1160,573.2622826433104,140.88,41.70093687638354
2025-06-30 13:33:09.421918,-26.12,1147,573.2622826433104,140.88,41.4567321671375
2025-06-30 13:33:09.625483,-26.13,1094,573.2622826433104,140.88,40.461128352519054
2025-06-30 13:33:09.827257,-26.13,937,573.2622826433104,140.88,37.51188686393233
2025-06-30 13:33:10.029465,-26.13,1078,573.2622826433104,140.88,40.16056871037009
2025-06-30 13:33:10.233028,-26.14,1041,573.2622826433104,140.88,39.46552453790061
2025-06-30 13:33:10.438236,-26.14,1032,573.2622826433104,140.88,39.29645973919182
2025-06-30 13:33:10.640848,-26.14,987,573.2622826433104,140.88,38.45113574564785
2025-06-30 13:33:10.842795,-26.15,1036,573.2622826433104,140.88,39.371599649729056
2025-06-30 13:33:11.046117,-26.15,987,573.2622826433104,140.88,38.45113574564785
2025-06-30 13:33:11.249986,-26.15,1018,573.2622826433104,140.88,39.03347005231147
2025-06-30 13:33:11.452777,-26.16,1077,573.2622826433104,140.88,40.14178373273578
2025-06-30 13:33:11.655986,-26.16,1014,573.2622826433104,140.88,38.95833014177423
2025-06-30 13:33:11.857455,-26.16,969,573.2622826433104,140.88,38.11300614823026
2025-06-30 13:33:12.061519,-26.17,974,573.2622826433104,140.88,38.20693103640182
2025-06-30 13:33:12.265105,-26.17,1031,573.2622826433104,140.88,39.277674761557506
2025-06-30 13:33:12.467147,-26.17,930,573.2622826433104,140.88,37.38039202049217
2025-06-30 13:33:12.670719,-26.18,1035,573.2622826433104,140.88,39.35281467209475
2025-06-30 13:33:12.874518,-26.18,952,573.2622826433104,140.88,37.79366152844699
2025-06-30 13:33:13.078429,-26.18,979,573.2622826433104,140.88,38.30085592457337
2025-06-30 13:33:13.281813,-26.19,988,573.2622826433104,140.88,38.46992072328216
2025-06-30 13:33:13.485104,-26.19,917,573.2622826433104,140.88,37.13618731124613
2025-06-30 13:33:13.688053,-26.19,960,573.2622826433104,140.88,37.943941349521474
2025-06-30 13:33:13.891071,-26.2,959,573.2622826433104,140.88,37.92515637188717
2025-06-30 13:33:14.092635,-26.2,988,573.2622826433104,140.88,38.46992072328216
2025-06-30 13:33:14.296554,-26.2,1009,573.2622826433104,140.88,38.864405253602676
2025-06-30 13:33:14.498019,-26.21,1012,573.2622826433104,140.88,38.92076018650561
2025-06-30 13:33:14.703021,-26.21,1069,573.2622826433104,140.88,39.9915039116613
2025-06-30 13:33:14.906607,-26.21,1078,573.2622826433104,140.88,40.16056871037009
2025-06-30 13:33:15.110060,-26.22,1123,573.2622826433104,140.88,41.00589270391406
2025-06-30 13:33:15.312916,-26.22,1074,573.2622826433104,140.88,40.08542879983285
2025-06-30 13:33:15.515720,-26.22,1027,573.2622826433104,140.88,39.20253485102027
2025-06-30 13:33:15.719088,-26.23,1078,573.2622826433104,140.88,40.16056871037009
2025-06-30 13:33:15.920776,-26.23,1101,573.2622826433104,140.88,40.59262319595923
2025-06-30 13:33:16.127513,-26.23,1156,573.2622826433104,140.88,41.62579696584629
2025-06-30 13:33:16.328221,-26.24,1049,573.2622826433104,140.88,39.61580435897509
2025-06-30 13:33:16.530971,-26.24,1016,573.2622826433104,140.88,38.99590009704285
2025-06-30 13:33:16.733023,-26.24,961,573.2622826433104,140.88,37.962726327155785
2025-06-30 13:33:16.937846,-26.25,1068,573.2622826433104,140.88,39.97271893402699
2025-06-30 13:33:17.141349,-26.25,1073,573.2622826433104,140.88,40.06664382219854
2025-06-30 13:33:17.344685,-26.25,1144,573.2622826433104,140.88,41.40037723423457
2025-06-30 13:33:17.547520,-26.26,1095,573.2622826433104,140.88,40.479913330153366
2025-06-30 13:33:17.749829,-26.26,1080,573.2622826433104,140.88,40.19813866563871
2025-06-30 13:33:17.956014,-26.26,1107,573.2622826433104,140.88,40.70533306176509
2025-06-30 13:33:18.159137,-26.27,1150,573.2622826433104,140.88,41.51308710004043
2025-06-30 13:33:18.362389,-26.27,1189,573.2622826433104,140.88,42.24570122777854
2025-06-30 13:33:18.565652,-26.27,1136,573.2622826433104,140.88,41.25009741316009
2025-06-30 13:33:18.769033,-26.28,1159,573.2622826433104,140.88,41.682151898749225
2025-06-30 13:33:18.971682,-26.28,1132,573.2622826433104,140.88,41.174957502622846
2025-06-30 13:33:19.171748,-26.28,1129,573.2622826433104,140.88,41.118602569719926
2025-06-30 13:33:19.377574,-26.29,1062,573.2622826433104,140.88,39.860009068221125
2025-06-30 13:33:19.581084,-26.29,1125,573.2622826433104,140.88,41.043462659182666
2025-06-30 13:33:19.785223,-26.29,1132,573.2622826433104,140.88,41.174957502622846
2025-06-30 13:33:19.986337,-26.3,1079,573.2622826433104,140.88,40.179353688004404
2025-06-30 13:33:20.189946,-26.3,1110,573.2622826433104,140.88,40.76168799466802
2025-06-30 13:33:20.393593,-26.3,1169,573.2622826433104,140.88,41.870001675092325
2025-06-30 13:33:20.597458,-26.31,1062,573.2622826433104,140.88,39.860009068221125
2025-06-30 13:33:20.802014,-26.31,1023,573.2622826433104,140.88,39.12739494048302
2025-06-30 13:33:21.002300,-26.31,1114,573.2622826433104,140.88,40.836827905205254
2025-06-30 13:33:21.207165,-26.32,1141,573.2622826433104,140.88,41.34402230133164
2025-06-30 13:33:21.409083,-26.32,1118,573.2622826433104,140.88,40.9119678157425
2025-06-30 13:33:21.612757,-26.32,1171,573.2622826433104,140.88,41.90757163036095
2025-06-30 13:33:21.818617,-26.33,1202,573.2622826433104,140.88,42.48990593702457
2025-06-30 13:33:22.015396,-26.33,1125,573.2622826433104,140.88,41.043462659182666
2025-06-30 13:33:22.225196,-26.33,1092,573.2622826433104,140.88,40.42355839725043
2025-06-30 13:33:22.431140,-26.34,1151,573.2622826433104,140.88,41.53187207767475
2025-06-30 13:33:22.630541,-26.34,1108,573.2622826433104,140.88,40.72411803939939
2025-06-30 13:33:22.829674,-26.34,1299,573.2622826433104,140.88,44.31204876755267
2025-06-30 13:33:23.032194,-26.35,1260,573.2622826433104,140.88,43.579434639814565
2025-06-30 13:33:23.246430,-26.35,1031,573.2622826433104,140.88,39.277674761557506
2025-06-30 13:33:23.442231,-26.35,1144,573.2622826433104,140.88,41.40037723423457
2025-06-30 13:33:23.643522,-26.36,1287,573.2622826433104,140.88,44.086629035940945
2025-06-30 13:33:23.846391,-26.36,1184,573.2622826433104,140.88,42.15177633960699
2025-06-30 13:33:24.047335,-26.36,1227,573.2622826433104,140.88,42.959530377882324
2025-06-30 13:33:24.256620,-26.37,1312,573.2622826433104,140.88,44.5562534767987
2025-06-30 13:33:24.455796,-26.37,1231,573.2622826433104,140.88,43.03467028841956
2025-06-30 13:33:24.661386,-26.37,1372,573.2622826433104,140.88,45.68335213485732
2025-06-30 13:33:24.861131,-26.38,1333,573.2622826433104,140.88,44.95073800711922
2025-06-30 13:33:25.064880,-26.38,1350,573.2622826433104,140.88,45.27008262690249
2025-06-30 13:33:25.269132,-26.38,1331,573.2622826433104,140.88,44.9131680518506
2025-06-30 13:33:25.469793,-26.39,1352,573.2622826433104,140.88,45.307652582171116
2025-06-30 13:33:25.672204,-26.39,1327,573.2622826433104,140.88,44.838028141313366
2025-06-30 13:33:25.876045,-26.39,1370,573.2622826433104,140.88,45.64578217958869
2025-06-30 13:33:26.080910,-26.4,1357,573.2622826433104,140.88,45.40157747034267
2025-06-30 13:33:26.281773,-26.4,1364,573.2622826433104,140.88,45.53307231378284
2025-06-30 13:33:26.485647,-26.4,1355,573.2622826433104,140.88,45.36400751507405
2025-06-30 13:33:26.691231,-26.41,1378,573.2622826433104,140.88,45.796062000663184
2025-06-30 13:33:26.890603,-26.41,1355,573.2622826433104,140.88,45.36400751507405
2025-06-30 13:33:27.094241,-26.41,1370,573.2622826433104,140.88,45.64578217958869
2025-06-30 13:33:27.300850,-26.42,1413,573.2622826433104,140.88,46.45353621786405
2025-06-30 13:33:27.502255,-26.42,1386,573.2622826433104,140.88,45.94634182173767
2025-06-30 13:33:27.704912,-26.42,1401,573.2622826433104,140.88,46.22811648625232
2025-06-30 13:33:27.905836,-26.43,1456,573.2622826433104,140.88,47.2612902561394
2025-06-30 13:33:28.109657,-26.43,1455,573.2622826433104,140.88,47.24250527850507
2025-06-30 13:33:28.313292,-26.43,1496,573.2622826433104,140.88,48.0126893615118
2025-06-30 13:33:28.514417,-26.44,1371,573.2622826433104,140.88,45.66456715722302
2025-06-30 13:33:28.722674,-26.44,1392,573.2622826433104,140.88,46.05905168754353
2025-06-30 13:33:28.923748,-26.44,1335,573.2622826433104,140.88,44.98830796238784
2025-06-30 13:33:29.125625,-26.45,1400,573.2622826433104,140.88,46.20933150861801
2025-06-30 13:33:29.329243,-26.45,1483,573.2622826433104,140.88,47.76848465226577
2025-06-30 13:33:29.532663,-26.45,1452,573.2622826433104,140.88,47.186150345602144
2025-06-30 13:33:29.734506,-26.46,1445,573.2622826433104,140.88,47.05465550216198
2025-06-30 13:33:29.937634,-26.46,1404,573.2622826433104,140.88,46.28447141915525
2025-06-30 13:33:30.140317,-26.46,1427,573.2622826433104,140.88,46.71652590474439
2025-06-30 13:33:30.344712,-26.47,1414,573.2622826433104,140.88,46.47232119549835
2025-06-30 13:33:30.547890,-26.47,1461,573.2622826433104,140.88,47.35521514431094
2025-06-30 13:33:30.754672,-26.47,1346,573.2622826433104,140.88,45.194942716365254
2025-06-30 13:33:30.956725,-26.48,1573,573.2622826433104,140.88,49.4591326393537
2025-06-30 13:33:31.158761,-26.48,1474,573.2622826433104,140.88,47.599419853556974
2025-06-30 13:33:31.360262,-26.48,1425,573.2622826433104,140.88,46.67895594947577
2025-06-30 13:33:31.564998,-26.49,1462,573.2622826433104,140.88,47.37400012194525
2025-06-30 13:33:31.767012,-26.49,1401,573.2622826433104,140.88,46.22811648625232
2025-06-30 13:33:31.970206,-26.49,1524,573.2622826433104,140.88,48.53866873527249
2025-06-30 13:33:32.173058,-26.5,1361,573.2622826433104,140.88,45.47671738087991
2025-06-30 13:33:32.376056,-26.5,1414,573.2622826433104,140.88,46.47232119549835
2025-06-30 13:33:32.580733,-26.5,1401,573.2622826433104,140.88,46.22811648625232
2025-06-30 13:33:32.794708,-26.51,1368,573.2622826433104,140.88,45.608212224320084
2025-06-30 13:33:32.984280,-26.51,1125,573.2622826433104,140.88,41.043462659182666
2025-06-30 13:33:33.188459,-26.51,966,573.2622826433104,140.88,38.056651215327335
2025-06-30 13:33:33.391287,-26.52,1035,573.2622826433104,140.88,39.35281467209475
2025-06-30 13:33:33.594116,-26.52,1118,573.2622826433104,140.88,40.9119678157425
2025-06-30 13:33:33.796483,-26.52,995,573.2622826433104,140.88,38.60141556672233
2025-06-30 13:33:34.000353,-26.53,1044,573.2622826433104,140.88,39.52187947080355
2025-06-30 13:33:34.203910,-26.53,1045,573.2622826433104,140.88,39.54066444843785
2025-06-30 13:33:34.406852,-26.53,1000,573.2622826433104,140.88,38.69534045489389
2025-06-30 13:33:34.610608,-26.54,991,573.2622826433104,140.88,38.52627565618509
2025-06-30 13:33:34.814054,-26.54,972,573.2622826433104,140.88,38.1693610811332
2025-06-30 13:33:35.017559,-26.54,939,573.2622826433104,140.88,37.54945681920096
2025-06-30 13:33:35.220074,-26.55,1032,573.2622826433104,140.88,39.29645973919182
2025-06-30 13:33:35.422846,-26.55,981,573.2622826433104,140.88,38.33842587984199
2025-06-30 13:33:35.626635,-26.55,948,573.2622826433104,140.88,37.718521617909744
2025-06-30 13:33:35.827642,-26.56,983,573.2622826433104,140.88,38.375995835110615
2025-06-30 13:33:36.031260,-26.56,1030,573.2622826433104,140.88,39.258889783923195
2025-06-30 13:33:36.232127,-26.56,1041,573.2622826433104,140.88,39.46552453790061
2025-06-30 13:33:36.438886,-26.57,1018,573.2622826433104,140.88,39.03347005231147
2025-06-30 13:33:36.641571,-26.57,957,573.2622826433104,140.88,37.88758641661855
2025-06-30 13:33:36.844848,-26.57,912,573.2622826433104,140.88,37.04226242307458
2025-06-30 13:33:37.047273,-26.58,1075,573.2622826433104,140.88,40.10421377746716
2025-06-30 13:33:37.251865,-26.58,1058,573.2622826433104,140.88,39.784869157683886
2025-06-30 13:33:37.454331,-26.58,1101,573.2622826433104,140.88,40.59262319595923
2025-06-30 13:33:37.657328,-26.59,1240,573.2622826433104,140.88,43.20373508712836
2025-06-30 13:33:37.859770,-26.59,1287,573.2622826433104,140.88,44.086629035940945
2025-06-30 13:33:38.063669,-26.59,1256,573.2622826433104,140.88,43.504294729277326
2025-06-30 13:33:38.268106,-26.6,1169,573.2622826433104,140.88,41.870001675092325
2025-06-30 13:33:38.468614,-26.6,1180,573.2622826433104,140.88,42.076636429069744
2025-06-30 13:33:38.671238,-26.6,1211,573.2622826433104,140.88,42.65897073573337
2025-06-30 13:33:38.875283,-26.61,1190,573.2622826433104,140.88,42.264486205412844
2025-06-30 13:33:39.078492,-26.61,1183,573.2622826433104,140.88,42.132991361972664
2025-06-30 13:33:39.283892,-26.61,1176,573.2622826433104,140.88,42.0014965185325
2025-06-30 13:33:39.486283,-26.62,1121,573.2622826433104,140.88,40.968322748645434
2025-06-30 13:33:39.689403,-26.62,1206,573.2622826433104,140.88,42.56504584756181
2025-06-30 13:33:39.892439,-26.62,1189,573.2622826433104,140.88,42.24570122777854
2025-06-30 13:33:40.094866,-26.63,1200,573.2622826433104,140.88,42.45233598175595
2025-06-30 13:33:40.299202,-26.63,1375,573.2622826433104,140.88,45.73970706776025
2025-06-30 13:33:40.500783,-26.63,1778,573.2622826433104,140.88,53.31005305438731
2025-06-30 13:33:40.705629,-26.64,1787,573.2622826433104,140.88,53.479117853096106
2025-06-30 13:33:40.906839,-26.64,1826,573.2622826433104,140.88,54.2117319808342
2025-06-30 13:33:41.109873,-26.64,1783,573.2622826433104,140.88,53.40397794255886
2025-06-30 13:33:41.312842,-26.65,1900,573.2622826433104,140.88,55.60182032577317
2025-06-30 13:33:41.515284,-26.65,1869,573.2622826433104,140.88,55.01948601910955
2025-06-30 13:33:41.719739,-26.65,1874,573.2622826433104,140.88,55.11341090728109
2025-06-30 13:33:41.921052,-26.66,1941,573.2622826433104,140.88,56.372004408779894
2025-06-30 13:33:42.122519,-26.66,1840,573.2622826433104,140.88,54.47472166771455
2025-06-30 13:33:42.329772,-26.66,2029,573.2622826433104,140.88,58.0250824405992
2025-06-30 13:33:42.531004,-26.67,1998,573.2622826433104,140.88,57.442748133935574
2025-06-30 13:33:42.732689,-26.67,2069,573.2622826433104,140.88,58.77648154597161
2025-06-30 13:33:42.938792,-26.67,2134,573.2622826433104,140.88,59.997505092201784
2025-06-30 13:33:43.140876,-26.68,2433,573.2622826433104,140.88,65.61421340486056
2025-06-30 13:33:43.344470,-26.68,2598,573.2622826433104,140.88,68.71373471452176
2025-06-30 13:33:43.546111,-26.68,3251,573.2622826433104,140.88,80.9803251097264
2025-06-30 13:33:43.750805,-26.69,5276,573.2622826433104,140.88,119.01990481920478
2025-06-30 13:33:43.953831,-26.69,7053,573.2622826433104,140.88,152.4008100753742
2025-06-30 13:33:44.158853,-26.69,10586,573.2622826433104,140.88,218.76813605739258
2025-06-30 13:33:44.358756,-26.7,11837,573.2622826433104,140.88,242.26814307791477
2025-06-30 13:33:44.563367,-26.7,12230,573.2622826433104,140.88,249.65063928819873
2025-06-30 13:33:44.767726,-26.7,12397,573.2622826433104,140.88,252.78773055312857
2025-06-30 13:33:44.969964,-26.71,12512,573.2622826433104,140.88,254.94800298107427
2025-06-30 13:33:45.172636,-26.71,12643,573.2622826433104,140.88,257.4088350511689
2025-06-30 13:33:45.376616,-26.71,12792,573.2622826433104,140.88,260.20779671868115
2025-06-30 13:33:45.578378,-26.72,12805,573.2622826433104,140.88,260.45200142792714
2025-06-30 13:33:45.781721,-26.72,12864,573.2622826433104,140.88,261.56031510835146
2025-06-30 13:33:45.986524,-26.72,13033,573.2622826433104,140.88,264.7349763285499
2025-06-30 13:33:46.189516,-26.73,12974,573.2622826433104,140.88,263.6266626481256
2025-06-30 13:33:46.393442,-26.73,13021,573.2622826433104,140.88,264.5095565969382
2025-06-30 13:33:46.595691,-26.73,13018,573.2622826433104,140.88,264.45320166403525
2025-06-30 13:33:46.797989,-26.74,13115,573.2622826433104,140.88,266.2753444945634
2025-06-30 13:33:47.000988,-26.74,12418,573.2622826433104,140.88,253.18221508344908
2025-06-30 13:33:47.204529,-26.74,11609,573.2622826433104,140.88,237.98516817729202
2025-06-30 13:33:47.407968,-26.75,11332,573.2622826433104,140.88,232.78172937258807
2025-06-30 13:33:47.612989,-26.75,11509,573.2622826433104,140.88,236.106670413861
2025-06-30 13:33:47.816279,-26.75,12852,573.2622826433104,140.88,261.3348953767397
2025-06-30 13:33:48.018842,-26.76,14399,573.2622826433104,140.88,290.3952557770178
2025-06-30 13:33:48.222776,-26.76,14514,573.2622826433104,140.88,292.5555282049634
2025-06-30 13:33:48.423785,-26.76,14551,573.2622826433104,140.88,293.25057237743295
2025-06-30 13:33:48.627718,-26.77,14706,573.2622826433104,140.88,296.162243910751
2025-06-30 13:33:48.834381,-26.77,14737,573.2622826433104,140.88,296.7445782174147
2025-06-30 13:33:49.033013,-26.77,14822,573.2622826433104,140.88,298.34130131633106
2025-06-30 13:33:49.237991,-26.78,14943,573.2622826433104,140.88,300.61428361008257
2025-06-30 13:33:49.443388,-26.78,15024,573.2622826433104,140.88,302.13586679846173
2025-06-30 13:33:49.643637,-26.78,15097,573.2622826433104,140.88,303.5071701657664
2025-06-30 13:33:49.847407,-26.79,15174,573.2622826433104,140.88,304.9536134436083
2025-06-30 13:33:50.050977,-26.79,15333,573.2622826433104,140.88,307.94042488746356
2025-06-30 13:33:50.253137,-26.79,15424,573.2622826433104,140.88,309.64985785218585
2025-06-30 13:33:50.456105,-26.8,15543,573.2622826433104,140.88,311.88527019066873
2025-06-30 13:33:50.658362,-26.8,15496,573.2622826433104,140.88,311.00237624185615
2025-06-30 13:33:50.863734,-26.8,15755,573.2622826433104,140.88,315.8676854491426
2025-06-30 13:33:51.066122,-26.81,18274,573.2622826433104,140.88,363.1870441099702
2025-06-30 13:33:51.269717,-26.81,25073,573.2622826433104,140.88,490.906107045646
2025-06-30 13:33:51.472472,-26.81,28994,573.2622826433104,140.88,564.5620043497769
2025-06-30 13:33:51.674470,-26.82,29605,573.2622826433104,140.88,576.0396256843404
2025-06-30 13:33:51.879644,-26.82,29948,573.2622826433104,140.88,582.4828730129088
2025-06-30 13:33:52.081299,-26.82,30057,573.2622826433104,140.88,584.5304355750487
2025-06-30 13:33:52.285380,-26.83,30242,573.2622826433104,140.88,588.0056564373962
2025-06-30 13:33:52.487388,-26.83,30449,573.2622826433104,140.88,591.8941468076983
2025-06-30 13:33:52.691136,-26.83,30758,573.2622826433104,140.88,597.6987048967003
2025-06-30 13:33:52.895683,-26.84,31011,573.2622826433104,140.88,602.4513042381808
2025-06-30 13:33:53.097703,-26.84,31124,573.2622826433104,140.88,604.5740067108579
2025-06-30 13:33:53.301192,-26.84,31261,573.2622826433104,140.88,607.1475486467583
2025-06-30 13:33:53.504529,-26.85,32044,573.2622826433104,140.88,621.8561861344233
2025-06-30 13:33:53.708136,-26.85,40449,573.2622826433104,140.88,779.7439231508015
2025-06-30 13:33:53.911000,-26.85,45020,573.2622826433104,140.88,865.6100559172339
2025-06-30 13:33:54.113274,-26.86,45287,573.2622826433104,140.88,870.6256449455948
2025-06-30 13:33:54.317744,-26.86,45506,573.2622826433104,140.88,874.7395550475088
2025-06-30 13:33:54.518142,-26.86,45707,573.2622826433104,140.88,878.5153355520051
2025-06-30 13:33:54.722128,-26.87,45994,573.2622826433104,140.88,883.9066241330521
2025-06-30 13:33:54.925944,-26.87,46219,573.2622826433104,140.88,888.133244100772
2025-06-30 13:33:55.129255,-26.87,46286,573.2622826433104,140.88,889.3918376022708
2025-06-30 13:33:55.332937,-26.88,46531,573.2622826433104,140.88,893.9941571226768
2025-06-30 13:33:55.535048,-26.88,46746,573.2622826433104,140.88,898.0329273140535
2025-06-30 13:33:55.737377,-26.88,46913,573.2622826433104,140.88,901.1700185789834
2025-06-30 13:33:55.942911,-26.89,47056,573.2622826433104,140.88,903.8562703806897
2025-06-30 13:33:56.146292,-26.89,47421,573.2622826433104,140.88,910.712787217213
2025-06-30 13:33:56.347086,-26.89,47698,573.2622826433104,140.88,915.9162260219169
2025-06-30 13:33:56.552063,-26.9,47747,573.2622826433104,140.88,916.8366899259981
2025-06-30 13:33:56.754309,-26.9,47926,573.2622826433104,140.88,920.1992009225397
2025-06-30 13:33:56.957798,-26.9,47999,573.2622826433104,140.88,921.5705042898444
2025-06-30 13:33:57.160089,-26.91,48334,573.2622826433104,140.88,927.8634717973383
2025-06-30 13:33:57.363363,-26.91,48659,573.2622826433104,140.88,933.9685895284892
2025-06-30 13:33:57.567204,-26.91,48810,573.2622826433104,140.88,936.80512115127
2025-06-30 13:33:57.769019,-26.92,48935,573.2622826433104,140.88,939.1532433555589
2025-06-30 13:33:57.972204,-26.92,48940,573.2622826433104,140.88,939.2471682437304
2025-06-30 13:33:58.177564,-26.92,49315,573.2622826433104,140.88,946.2915348565969
2025-06-30 13:33:58.377705,-26.93,49492,573.2622826433104,140.88,949.6164758978697
2025-06-30 13:33:58.583638,-26.93,49633,573.2622826433104,140.88,952.2651577443074
2025-06-30 13:33:58.786241,-26.93,49762,573.2622826433104,140.88,954.6884198591333
2025-06-30 13:33:58.989760,-26.94,49993,573.2622826433104,140.88,959.0277496926591
2025-06-30 13:33:59.191846,-26.94,50314,573.2622826433104,140.88,965.0577275132728
2025-06-30 13:33:59.395198,-26.94,50785,573.2622826433104,140.88,973.9054519790328
2025-06-30 13:33:59.597865,-26.95,53402,573.2622826433104,140.88,1023.065738448023
2025-06-30 13:33:59.799672,-26.95,64185,573.2622826433104,140.88,1225.6241522787911
2025-06-30 13:34:00.002769,-26.95,64684,573.2622826433104,140.88,1234.9978561183118
2025-06-30 13:34:00.208274,-26.96,65067,573.2622826433104,140.88,1242.1925025522528
2025-06-30 13:34:00.410572,-26.96,65236,573.2622826433104,140.88,1245.3671637724512
2025-06-30 13:34:00.612656,-26.96,65565,573.2622826433104,140.88,1251.547421414139
2025-06-30 13:34:00.815489,-26.97,65856,573.2622826433104,140.88,1257.0138499057234
2025-06-30 13:34:01.018983,-26.97,66145,573.2622826433104,140.88,1262.4427084420395
2025-06-30 13:34:01.222809,-26.97,66426,573.2622826433104,140.88,1267.7212871572806
2025-06-30 13:34:01.429561,-26.98,66693,573.2622826433104,140.88,1272.7368761856412
2025-06-30 13:34:01.628688,-26.98,67038,573.2622826433104,140.88,1279.2176934694783
2025-06-30 13:34:01.831773,-26.98,67365,573.2622826433104,140.88,1285.3603811558978
2025-06-30 13:34:02.035657,-26.99,67692,573.2622826433104,140.88,1291.5030688423171
2025-06-30 13:34:02.239269,-26.99,67917,573.2622826433104,140.88,1295.729688810037
2025-06-30 13:34:02.440572,-26.99,68192,573.2622826433104,140.88,1300.8955576594724
2025-06-30 13:34:02.644599,-27.0,68507,573.2622826433104,140.88,1306.8128256142802
2025-06-30 13:34:02.847162,-27.0,68810,573.2622826433104,140.88,1312.5046738374763
2025-06-30 13:34:03.052508,-27.0,69205,573.2622826433104,140.88,1319.9247400030288
2025-06-30 13:34:03.254456,-27.01,69388,573.2622826433104,140.88,1323.3623909101075
2025-06-30 13:34:03.457227,-27.01,69647,573.2622826433104,140.88,1328.227700117394
2025-06-30 13:34:03.660083,-27.01,70030,573.2622826433104,140.88,1335.4223465513346
2025-06-30 13:34:03.861818,-27.02,70289,573.2622826433104,140.88,1340.2876557586212
2025-06-30 13:34:04.065917,-27.02,70550,573.2622826433104,140.88,1345.1905349211763
2025-06-30 13:34:04.269137,-27.02,70889,573.2622826433104,140.88,1351.5586423392072
2025-06-30 13:34:04.473297,-27.03,71176,573.2622826433104,140.88,1356.9499309202542
2025-06-30 13:34:04.675538,-27.03,71495,573.2622826433104,140.88,1362.9423387855995
2025-06-30 13:34:04.880593,-27.03,71776,573.2622826433104,140.88,1368.2209175008406
2025-06-30 13:34:05.084771,-27.04,72111,573.2622826433104,140.88,1374.5138850083345
2025-06-30 13:34:05.286195,-27.04,72310,573.2622826433104,140.88,1378.2520955575624
2025-06-30 13:34:05.490533,-27.04,72783,573.2622826433104,140.88,1387.137389978591
2025-06-30 13:34:05.691394,-27.05,73142,573.2622826433104,140.88,1393.8811969493086
2025-06-30 13:34:05.894923,-27.05,73311,573.2622826433104,140.88,1397.0558581695068
2025-06-30 13:34:06.097446,-27.05,73556,573.2622826433104,140.88,1401.658177689913
2025-06-30 13:34:06.300872,-27.06,73973,573.2622826433104,140.88,1409.4915133634202
2025-06-30 13:34:06.503794,-27.06,74224,573.2622826433104,140.88,1414.206542749632
2025-06-30 13:34:06.706193,-27.06,74719,573.2622826433104,140.88,1423.505106678616
2025-06-30 13:34:06.909711,-27.07,75046,573.2622826433104,140.88,1429.6477943650355
2025-06-30 13:34:07.113789,-27.07,75509,573.2622826433104,140.88,1438.3452390097211
2025-06-30 13:34:07.315539,-27.07,75884,573.2622826433104,140.88,1445.3896056225876
2025-06-30 13:34:07.517759,-27.08,76333,573.2622826433104,140.88,1453.8240605803926
2025-06-30 13:34:07.723665,-27.08,76610,573.2622826433104,140.88,1459.0274993850965
2025-06-30 13:34:07.926772,-27.08,77033,573.2622826433104,140.88,1466.97354492441
2025-06-30 13:34:08.127465,-27.09,77258,573.2622826433104,140.88,1471.2001648921296
2025-06-30 13:34:08.330604,-27.09,77445,573.2622826433104,140.88,1474.7129557097455
2025-06-30 13:34:08.535398,-27.09,77690,573.2622826433104,140.88,1479.3152752301517
2025-06-30 13:34:08.736903,-27.1,77967,573.2622826433104,140.88,1484.5187140348555
2025-06-30 13:34:08.941815,-27.1,78302,573.2622826433104,140.88,1490.8116815423498
2025-06-30 13:34:09.144034,-27.1,78667,573.2622826433104,140.88,1497.668198378873
2025-06-30 13:34:09.349501,-27.11,79004,573.2622826433104,140.88,1503.9987358416356
2025-06-30 13:34:09.550660,-27.11,79213,573.2622826433104,140.88,1507.9247961672065
2025-06-30 13:34:09.754608,-27.11,79504,573.2622826433104,140.88,1513.3912246587906
2025-06-30 13:34:09.958403,-27.12,80075,573.2622826433104,140.88,1524.1174468879822
2025-06-30 13:34:10.161415,-27.12,80376,573.2622826433104,140.88,1529.7717251559093
2025-06-30 13:34:10.362542,-27.12,80781,573.2622826433104,140.88,1537.379641097805
2025-06-30 13:34:10.566380,-27.13,81102,573.2622826433104,140.88,1543.4096189184183
2025-06-30 13:34:10.769979,-27.13,81579,573.2622826433104,140.88,1552.3700532499845
2025-06-30 13:34:10.972250,-27.13,81968,573.2622826433104,140.88,1559.6774095497312
2025-06-30 13:34:11.176745,-27.14,82493,573.2622826433104,140.88,1569.5395228077443
2025-06-30 13:34:11.379573,-27.14,82660,573.2622826433104,140.88,1572.676614072674
2025-06-30 13:34:11.581181,-27.14,82969,573.2622826433104,140.88,1578.4811721616759
2025-06-30 13:34:11.784133,-27.15,83352,573.2622826433104,140.88,1585.6758185956169
2025-06-30 13:34:11.988926,-27.15,83665,573.2622826433104,140.88,1591.5555165951557
2025-06-30 13:34:12.193510,-27.15,84274,573.2622826433104,140.88,1602.9955679744508
2025-06-30 13:34:12.395372,-27.16,84613,573.2622826433104,140.88,1609.363675392482
2025-06-30 13:34:12.597501,-27.16,84934,573.2622826433104,140.88,1615.3936532130958
2025-06-30 13:34:12.799833,-27.16,85131,573.2622826433104,140.88,1619.0942938070548
2025-06-30 13:34:13.003916,-27.17,85528,573.2622826433104,140.88,1626.5519299278758
2025-06-30 13:34:13.206994,-27.17,85917,573.2622826433104,140.88,1633.8592862276228
2025-06-30 13:34:13.409813,-27.17,86390,573.2622826433104,140.88,1642.7445806486514
2025-06-30 13:34:13.613794,-27.18,86729,573.2622826433104,140.88,1649.1126880666827
2025-06-30 13:34:13.817171,-27.18,86950,573.2622826433104,140.88,1653.2641681238654
2025-06-30 13:34:14.021082,-27.18,87313,573.2622826433104,140.88,1660.0831150051197
2025-06-30 13:34:14.222466,-27.19,87432,573.2622826433104,140.88,1662.318527343603
2025-06-30 13:34:14.426563,-27.19,88031,573.2622826433104,140.88,1673.570728946555
2025-06-30 13:34:14.628926,-27.19,88398,573.2622826433104,140.88,1680.4648157383465
2025-06-30 13:34:14.830750,-27.2,88895,573.2622826433104,140.88,1689.800949622599
2025-06-30 13:34:15.032974,-27.2,89190,573.2622826433104,140.88,1695.3425180247204
2025-06-30 13:34:15.237638,-27.2,89323,573.2622826433104,140.88,1697.8409200500837
2025-06-30 13:34:15.442058,-27.21,89760,573.2622826433104,140.88,1706.0499552762772
2025-06-30 13:34:15.643840,-27.21,89995,573.2622826433104,140.88,1710.4644250203403
2025-06-30 13:34:15.846198,-27.21,90368,573.2622826433104,140.88,1717.471221677938
2025-06-30 13:34:16.050147,-27.22,90659,573.2622826433104,140.88,1722.9376501695222
2025-06-30 13:34:16.255523,-27.22,90894,573.2622826433104,140.88,1727.352119913585
2025-06-30 13:34:16.455497,-27.22,91261,573.2622826433104,140.88,1734.2462067053768
2025-06-30 13:34:16.657668,-27.23,91674,573.2622826433104,140.88,1742.0044024683473
2025-06-30 13:34:16.860788,-27.23,91993,573.2622826433104,140.88,1747.996810333692
2025-06-30 13:34:17.065290,-27.23,92320,573.2622826433104,140.88,1754.1394980201114
2025-06-30 13:34:17.267554,-27.24,92577,573.2622826433104,140.88,1758.9672372721293
2025-06-30 13:34:17.470785,-27.24,92962,573.2622826433104,140.88,1766.1994536613388
2025-06-30 13:34:17.673839,-27.24,93535,573.2622826433104,140.88,1776.9632458457986
2025-06-30 13:34:17.878603,-27.25,94402,573.2622826433104,140.88,1793.2498214547459
2025-06-30 13:34:18.080547,-27.25,95065,573.2622826433104,140.88,1805.7042616262934
2025-06-30 13:34:18.283349,-27.25,95886,573.2622826433104,140.88,1821.1267282640622
2025-06-30 13:34:18.485850,-27.26,96407,573.2622826433104,140.88,1830.913701611538
2025-06-30 13:34:18.689887,-27.26,96936,573.2622826433104,140.88,1840.850954780088
2025-06-30 13:34:18.892386,-27.26,97261,573.2622826433104,140.88,1846.9560725112387
2025-06-30 13:34:19.096586,-27.27,97518,573.2622826433104,140.88,1851.7838117632564
2025-06-30 13:34:19.298093,-27.27,97883,573.2622826433104,140.88,1858.6403285997799
2025-06-30 13:34:19.502429,-27.27,98252,573.2622826433104,140.88,1865.5719853468406
2025-06-30 13:34:19.705732,-27.28,98587,573.2622826433104,140.88,1871.8649528543344
2025-06-30 13:34:19.909116,-27.28,98988,573.2622826433104,140.88,1879.397728885693
2025-06-30 13:34:20.111591,-27.28,99313,573.2622826433104,140.88,1885.5028466168437
2025-06-30 13:34:20.315420,-27.29,99878,573.2622826433104,140.88,1896.1163589802288
2025-06-30 13:34:20.517067,-27.29,100125,573.2622826433104,140.88,1900.7562484559037
2025-06-30 13:34:20.722294,-27.29,100806,573.2622826433104,140.88,1913.548818224869
2025-06-30 13:34:20.923463,-27.3,101297,573.2622826433104,140.88,1922.772242243315
2025-06-30 13:34:21.128551,-27.3,101884,573.2622826433104,140.88,1933.7990241146554
2025-06-30 13:34:21.330381,-27.3,102217,573.2622826433104,140.88,1940.054421666881
2025-06-30 13:34:21.534359,-27.31,102722,573.2622826433104,140.88,1949.5408353722073
2025-06-30 13:34:21.736271,-27.31,103033,573.2622826433104,140.88,1955.382963416478
2025-06-30 13:34:21.939545,-27.31,103156,573.2622826433104,140.88,1957.6935156654981
2025-06-30 13:34:22.143444,-27.32,103285,573.2622826433104,140.88,1960.1167777803244
2025-06-30 13:34:22.346121,-27.32,103406,573.2622826433104,140.88,1962.3897600740756
2025-06-30 13:34:22.548742,-27.32,103841,573.2622826433104,140.88,1970.5612253450006
2025-06-30 13:34:22.753025,-27.33,104310,573.2622826433104,140.88,1979.3713798554923
2025-06-30 13:34:22.958077,-27.33,104389,573.2622826433104,140.88,1980.8553930886028
2025-06-30 13:34:23.160656,-27.33,105120,573.2622826433104,140.88,1994.5872117392835
2025-06-30 13:34:23.362167,-27.34,105407,573.2622826433104,140.88,1999.9785003203306
2025-06-30 13:34:23.566276,-27.34,105732,573.2622826433104,140.88,2006.0836180514818
2025-06-30 13:34:23.769324,-27.34,106095,573.2622826433104,140.88,2012.9025649327361
2025-06-30 13:34:23.972750,-27.35,106018,573.2622826433104,140.88,2011.4561216548943
2025-06-30 13:34:24.176369,-27.35,106601,573.2622826433104,140.88,2022.4077636156974
2025-06-30 13:34:24.379592,-27.35,107090,573.2622826433104,140.88,2031.5936176788748
2025-06-30 13:34:24.583463,-27.36,107513,573.2622826433104,140.88,2039.5396632181883
2025-06-30 13:34:24.787221,-27.36,107580,573.2622826433104,140.88,2040.798256719687
2025-06-30 13:34:24.987283,-27.36,107865,573.2622826433104,140.88,2046.1519753454654
2025-06-30 13:34:25.191388,-27.37,108246,573.2622826433104,140.88,2053.309051824138
2025-06-30 13:34:25.395208,-27.37,108665,573.2622826433104,140.88,2061.1799574529136
2025-06-30 13:34:25.598390,-27.37,109160,573.2622826433104,140.88,2070.4785213818973
2025-06-30 13:34:25.801758,-27.38,109345,573.2622826433104,140.88,2073.9537422442445
2025-06-30 13:34:26.005500,-27.38,109442,573.2622826433104,140.88,2075.775885074773
2025-06-30 13:34:26.207683,-27.38,109845,573.2622826433104,140.88,2083.3462310614
2025-06-30 13:34:26.411839,-27.39,110276,573.2622826433104,140.88,2091.4425564217872
2025-06-30 13:34:26.615349,-27.39,110465,573.2622826433104,140.88,2094.9929171946724
2025-06-30 13:34:26.818799,-27.39,110862,573.2622826433104,140.88,2102.4505533154934
2025-06-30 13:34:27.021450,-27.4,111013,573.2622826433104,140.88,2105.2870849382743
2025-06-30 13:34:27.227502,-27.4,111296,573.2622826433104,140.88,2110.603233608784
2025-06-30 13:34:27.429531,-27.4,111821,573.2622826433104,140.88,2120.465346866797
2025-06-30 13:34:27.633131,-27.41,112034,573.2622826433104,140.88,2124.466547102905
2025-06-30 13:34:27.835189,-27.41,111883,573.2622826433104,140.88,2121.6300154801243
2025-06-30 13:34:28.038767,-27.41,112096,573.2622826433104,140.88,2125.6312157162324
2025-06-30 13:34:28.242135,-27.42,112225,573.2622826433104,140.88,2128.0544778310586
2025-06-30 13:34:28.445011,-27.42,112926,573.2622826433104,140.88,2141.22274715271
2025-06-30 13:34:28.648812,-27.42,113545,573.2622826433104,140.88,2152.850648308348
2025-06-30 13:34:28.852631,-27.43,114250,573.2622826433104,140.88,2166.094057540537
2025-06-30 13:34:29.054981,-27.43,115173,573.2622826433104,140.88,2183.4325918970053
2025-06-30 13:34:29.257905,-27.43,115282,573.2622826433104,140.88,2185.4801544591446
2025-06-30 13:34:29.461865,-27.44,115679,573.2622826433104,140.88,2192.9377905799665
2025-06-30 13:34:29.665319,-27.44,116142,573.2622826433104,140.88,2201.6352352246518
2025-06-30 13:34:29.867961,-27.44,116549,573.2622826433104,140.88,2209.2807211218164
2025-06-30 13:34:30.071835,-27.45,117018,573.2622826433104,140.88,2218.090875632308
2025-06-30 13:34:30.275763,-27.45,117345,573.2622826433104,140.88,2224.233563318727
2025-06-30 13:34:30.478611,-27.45,117750,573.2622826433104,140.88,2231.841479260623
2025-06-30 13:34:30.682832,-27.46,117945,573.2622826433104,140.88,2235.5045498993136
2025-06-30 13:34:30.885697,-27.46,117842,573.2622826433104,140.88,2233.5696972029796
2025-06-30 13:34:31.087802,-27.46,118047,573.2622826433104,140.88,2237.420617618013
2025-06-30 13:34:31.291683,-27.47,118390,573.2622826433104,140.88,2243.863864946581
2025-06-30 13:34:31.494624,-27.47,118745,573.2622826433104,140.88,2250.532532006762
2025-06-30 13:34:31.698216,-27.47,119060,573.2622826433104,140.88,2256.449799961569
2025-06-30 13:34:31.901721,-27.48,119503,573.2622826433104,140.88,2264.771545053569
2025-06-30 13:34:32.104160,-27.48,119516,573.2622826433104,140.88,2265.0157497628147
2025-06-30 13:34:32.309434,-27.49,119765,573.2622826433104,140.88,2269.6932091937583
2025-06-30 13:34:32.512020,-27.49,120160,573.2622826433104,140.88,2277.1132753593106
2025-06-30 13:34:32.713780,-27.49,120389,573.2622826433104,140.88,2281.4150352375677
2025-06-30 13:34:32.916513,-27.5,120442,573.2622826433104,140.88,2282.4106390521865
2025-06-30 13:34:33.120269,-27.5,121093,573.2622826433104,140.88,2294.6396594921225
2025-06-30 13:34:33.323989,-27.5,121428,573.2622826433104,140.88,2300.9326269996163
2025-06-30 13:34:33.526969,-27.51,121813,573.2622826433104,140.88,2308.164843388826
2025-06-30 13:34:33.729796,-27.51,121936,573.2622826433104,140.88,2310.475395637846
2025-06-30 13:34:33.934085,-27.51,122025,573.2622826433104,140.88,2312.1472586472996
2025-06-30 13:34:34.136724,-27.52,122460,573.2622826433104,140.88,2320.318723918225
2025-06-30 13:34:34.339200,-27.52,122851,573.2622826433104,140.88,2327.6636501732396
2025-06-30 13:34:34.543381,-27.52,122842,573.2622826433104,140.88,2327.494585374531
2025-06-30 13:34:34.747648,-27.53,122993,573.2622826433104,140.88,2330.3311169973117
2025-06-30 13:34:34.950435,-27.53,123018,573.2622826433104,140.88,2330.8007414381696
2025-06-30 13:34:35.154916,-27.53,123533,573.2622826433104,140.88,2340.4750049198396
2025-06-30 13:34:35.356386,-27.54,123708,573.2622826433104,140.88,2343.7623760058436
2025-06-30 13:34:35.559931,-27.54,124091,573.2622826433104,140.88,2350.957022439785
2025-06-30 13:34:35.763560,-27.54,124606,573.2622826433104,140.88,2360.6312859214545
2025-06-30 13:34:35.965799,-27.55,125005,573.2622826433104,140.88,2368.1264919975447
2025-06-30 13:34:36.168600,-27.55,125238,573.2622826433104,140.88,2372.503391786339
2025-06-30 13:34:36.372177,-27.55,125431,573.2622826433104,140.88,2376.1288924697606
2025-06-30 13:34:36.573892,-27.56,125726,573.2622826433104,140.88,2381.670460871882
2025-06-30 13:34:36.778090,-27.56,126051,573.2622826433104,140.88,2387.775578603033
2025-06-30 13:34:36.981861,-27.56,126026,573.2622826433104,140.88,2387.305954162175
2025-06-30 13:34:37.184681,-27.57,126311,573.2622826433104,140.88,2392.6596727879532
2025-06-30 13:34:37.392329,-27.57,126742,573.2622826433104,140.88,2400.7559981483414
2025-06-30 13:34:37.593269,-27.57,126993,573.2622826433104,140.88,2405.4710275345533
2025-06-30 13:34:37.795561,-27.58,127264,573.2622826433104,140.88,2410.5617564734516
2025-06-30 13:34:37.999368,-27.58,127989,573.2622826433104,140.88,2424.180865258326
2025-06-30 13:34:38.202816,-27.58,128530,573.2622826433104,140.88,2434.343538158488
2025-06-30 13:34:38.405055,-27.59,129037,573.2622826433104,140.88,2443.8675218190833
2025-06-30 13:34:38.611776,-27.59,129624,573.2622826433104,140.88,2454.894303690424
2025-06-30 13:34:38.812866,-27.59,130213,573.2622826433104,140.88,2465.958655517032
2025-06-30 13:34:39.016304,-27.6,130300,573.2622826433104,140.88,2467.592948571217
2025-06-30 13:34:39.221004,-27.6,130405,573.2622826433104,140.88,2469.5653712228195
2025-06-30 13:34:39.425236,-27.6,130566,573.2622826433104,140.88,2472.5897526219437
2025-06-30 13:34:39.627126,-27.61,130893,573.2622826433104,140.88,2478.732440308363
2025-06-30 13:34:39.831681,-27.61,131352,573.2622826433104,140.88,2487.3547450425112
2025-06-30 13:34:40.031414,-27.61,131843,573.2622826433104,140.88,2496.578169060958
2025-06-30 13:34:40.240286,-27.62,132244,573.2622826433104,140.88,2504.1109450923163
2025-06-30 13:34:40.441060,-27.62,132587,573.2622826433104,140.88,2510.5541924208846
2025-06-30 13:34:40.644586,-27.62,132706,573.2622826433104,140.88,2512.789604759368
2025-06-30 13:34:40.847414,-27.63,133075,573.2622826433104,140.88,2519.721261506428
2025-06-30 13:34:41.050727,-27.63,133398,573.2622826433104,140.88,2525.7888092823105
2025-06-30 13:34:41.250578,-27.63,133719,573.2622826433104,140.88,2531.8187871029245
2025-06-30 13:34:41.457846,-27.64,133816,573.2622826433104,140.88,2533.6409299334523
2025-06-30 13:34:41.659529,-27.64,133935,573.2622826433104,140.88,2535.8763422719353
2025-06-30 13:34:41.862813,-27.64,134058,573.2622826433104,140.88,2538.1868945209553
2025-06-30 13:34:42.065307,-27.65,134567,573.2622826433104,140.88,2547.7484481368188
2025-06-30 13:34:42.270364,-27.65,135094,573.2622826433104,140.88,2557.648131350101
2025-06-30 13:34:42.473931,-27.65,135927,573.2622826433104,140.88,2573.2960177194814
2025-06-30 13:34:42.674264,-27.66,136408,573.2622826433104,140.88,2582.3315919615843
2025-06-30 13:34:42.879598,-27.66,136627,573.2622826433104,140.88,2586.4455020634987
2025-06-30 13:34:43.082850,-27.66,136864,573.2622826433104,140.88,2590.89754176283
2025-06-30 13:34:43.287734,-27.67,137507,573.2622826433104,140.88,2602.9762823816914
2025-06-30 13:34:43.490502,-27.67,137920,573.2622826433104,140.88,2610.7344781446614
2025-06-30 13:34:43.689530,-27.67,138465,573.2622826433104,140.88,2620.972290955361
2025-06-30 13:34:43.894252,-27.68,138612,573.2622826433104,140.88,2623.733682667604
2025-06-30 13:34:44.099088,-27.68,139093,573.2622826433104,140.88,2632.769256909708
2025-06-30 13:34:44.301252,-27.68,139726,573.2622826433104,140.88,2644.6601477522263
2025-06-30 13:34:44.503793,-27.69,139889,573.2622826433104,140.88,2647.7220991066188
2025-06-30 13:34:44.709163,-27.69,139888,573.2622826433104,140.88,2647.7033141289844
2025-06-30 13:34:44.911133,-27.69,140241,573.2622826433104,140.88,2654.334411233896
2025-06-30 13:34:45.116179,-27.7,140524,573.2622826433104,140.88,2659.6505599044053
2025-06-30 13:34:45.319249,-27.7,140761,573.2622826433104,140.88,2664.102599603737
2025-06-30 13:34:45.523447,-27.7,140958,573.2622826433104,140.88,2667.803240197696
2025-06-30 13:34:45.721269,-27.71,141327,573.2622826433104,140.88,2674.7348969447576
2025-06-30 13:34:45.929662,-27.71,141468,573.2622826433104,140.88,2677.3835787911944
2025-06-30 13:34:46.132647,-27.71,141895,573.2622826433104,140.88,2685.4047642410446
2025-06-30 13:34:46.333532,-27.72,142404,573.2622826433104,140.88,2694.9663178569094
2025-06-30 13:34:46.535417,-27.72,142801,573.2622826433104,140.88,2702.4239539777304
2025-06-30 13:34:46.739343,-27.72,143508,573.2622826433104,140.88,2715.704933165188
2025-06-30 13:34:46.944420,-27.73,145589,573.2622826433104,140.88,2754.7964716221877
2025-06-30 13:34:47.146757,-27.73,147468,573.2622826433104,140.88,2790.0934445970565
2025-06-30 13:34:47.350493,-27.73,149859,573.2622826433104,140.88,2835.008326120693
2025-06-30 13:34:47.552834,-27.74,151868,573.2622826433104,140.88,2872.7473461880218
2025-06-30 13:34:47.763792,-27.74,153645,573.2622826433104,140.88,2906.1282514441914
2025-06-30 13:34:47.959127,-27.74,155566,573.2622826433104,140.88,2942.2141934797014
2025-06-30 13:34:48.161848,-27.75,157827,573.2622826433104,140.88,2984.687027910877
2025-06-30 13:34:48.369256,-27.75,160076,573.2622826433104,140.88,3026.9344426104412
2025-06-30 13:34:48.568317,-27.75,162271,573.2622826433104,140.88,3068.1674685177522
2025-06-30 13:34:48.771585,-27.76,164190,573.2622826433104,140.88,3104.215840597993
2025-06-30 13:34:48.974515,-27.76,167709,573.2622826433104,140.88,3170.3201768931317
2025-06-30 13:34:49.177828,-27.76,170256,573.2622826433104,140.88,3218.1655149277203
2025-06-30 13:34:49.382581,-27.77,173281,573.2622826433104,140.88,3274.990072271509
2025-06-30 13:34:49.584817,-27.77,175628,573.2622826433104,140.88,3319.0784147792347
2025-06-30 13:34:49.790856,-27.77,178389,573.2622826433104,140.88,3370.943738027566
2025-06-30 13:34:49.991628,-27.78,181982,573.2622826433104,140.88,3438.4381626676427
2025-06-30 13:34:50.195339,-27.78,185373,573.2622826433104,140.88,3502.138021825589
2025-06-30 13:34:50.400338,-27.78,189076,573.2622826433104,140.88,3571.69879400544
2025-06-30 13:34:50.600791,-27.79,193575,573.2622826433104,140.88,3656.212408382202
2025-06-30 13:34:50.808413,-27.79,197406,573.2622826433104,140.88,3728.177657699245
2025-06-30 13:34:51.011497,-27.79,201529,573.2622826433104,140.88,3805.6281204855063
2025-06-30 13:34:51.212464,-27.8,205796,573.2622826433104,140.88,3885.7836200511083
2025-06-30 13:34:51.416571,-27.8,209585,573.2622826433104,140.88,3956.95990030751
2025-06-30 13:34:51.618807,-27.8,213324,573.2622826433104,140.88,4027.1969316821965
2025-06-30 13:34:51.821716,-27.81,217339,573.2622826433104,140.88,4102.618616883952
2025-06-30 13:34:52.026502,-27.81,220616,573.2622826433104,140.88,4164.176988591587
2025-06-30 13:34:52.229443,-27.81,224815,573.2622826433104,140.88,4243.055109678056
2025-06-30 13:34:52.432520,-27.82,229094,573.2622826433104,140.88,4323.43602897527
2025-06-30 13:34:52.633959,-27.82,232517,573.2622826433104,140.88,4387.737007417514
2025-06-30 13:34:52.838316,-27.82,235416,573.2622826433104,140.88,4442.19465757938
2025-06-30 13:34:53.041854,-27.83,237891,573.2622826433104,140.88,4488.687477224297
2025-06-30 13:34:53.242076,-27.83,237832,573.2622826433104,140.88,4487.579163543874
2025-06-30 13:34:53.446873,-27.83,237015,573.2622826433104,140.88,4472.2318368166425
2025-06-30 13:34:53.653768,-27.84,237972,573.2622826433104,140.88,4490.209060412677
2025-06-30 13:34:53.853972,-27.84,238919,573.2622826433104,140.88,4507.998434232369
2025-06-30 13:34:54.057243,-27.84,239902,573.2622826433104,140.88,4526.464067246896
2025-06-30 13:34:54.260492,-27.85,241425,573.2622826433104,140.88,4555.07358818395
2025-06-30 13:34:54.465620,-27.85,242662,573.2622826433104,140.88,4578.310605517592
2025-06-30 13:34:54.665902,-27.85,243787,573.2622826433104,140.88,4599.4437053561915
2025-06-30 13:34:54.868924,-27.86,244294,573.2622826433104,140.88,4608.967689016787
2025-06-30 13:34:55.072683,-27.86,245409,573.2622826433104,140.88,4629.912939079043
2025-06-30 13:34:55.276484,-27.86,247002,573.2622826433104,140.88,4659.837408450499
2025-06-30 13:34:55.481435,-27.87,248873,573.2622826433104,140.88,4694.984101604294
2025-06-30 13:34:55.682634,-27.87,250206,573.2622826433104,140.88,4720.02447679083
2025-06-30 13:34:55.886408,-27.87,252345,573.2622826433104,140.88,4760.205543950618
2025-06-30 13:34:56.090741,-27.88,253376,573.2622826433104,140.88,4779.5728558915935
2025-06-30 13:34:56.294356,-27.88,254267,573.2622826433104,140.88,4796.310270963764
2025-06-30 13:34:56.496921,-27.88,254978,573.2622826433104,140.88,4809.666390061758
2025-06-30 13:34:56.699920,-27.89,255229,573.2622826433104,140.88,4814.381419447971
2025-06-30 13:34:56.902968,-27.89,255616,573.2622826433104,140.88,4821.651205792447
2025-06-30 13:34:57.108686,-27.89,256961,573.2622826433104,140.88,4846.917000710596
2025-06-30 13:34:57.314750,-27.9,258774,573.2622826433104,140.88,4880.9741651616005
2025-06-30 13:34:57.512018,-27.9,260763,573.2622826433104,140.88,4918.337485676244
2025-06-30 13:34:57.717477,-27.9,263044,573.2622826433104,140.88,4961.186019660106
2025-06-30 13:34:57.921283,-27.91,265509,573.2622826433104,140.88,5007.49098952868
2025-06-30 13:34:58.124251,-27.91,267334,573.2622826433104,140.88,5041.773573711297
2025-06-30 13:34:58.327064,-27.91,268969,573.2622826433104,140.88,5072.487012143394
2025-06-30 13:34:58.528838,-27.92,271178,573.2622826433104,140.88,5113.983027737585
2025-06-30 13:34:58.733373,-27.92,272939,573.2622826433104,140.88,5147.063373351606
2025-06-30 13:34:58.936739,-27.92,274672,573.2622826433104,140.88,5179.617739591865
2025-06-30 13:34:59.140474,-27.93,277309,573.2622826433104,140.88,5229.153725613541
2025-06-30 13:34:59.342440,-27.93,279786,573.2622826433104,140.88,5275.684115213728
2025-06-30 13:34:59.547715,-27.93,282065,573.2622826433104,140.88,5318.495079242322
2025-06-30 13:34:59.751998,-27.94,285764,573.2622826433104,140.88,5387.9807115116355
2025-06-30 13:34:59.956031,-27.94,290059,573.2622826433104,140.88,5468.662190450998
2025-06-30 13:35:00.156659,-27.94,295794,573.2622826433104,140.88,5576.394037183768
2025-06-30 13:35:00.360910,-27.95,307443,573.2622826433104,140.88,5795.220241645849
2025-06-30 13:35:00.562977,-27.95,318616,573.2622826433104,140.88,6005.104796753998
2025-06-30 13:35:00.767258,-27.95,330029,573.2622826433104,140.88,6219.497746494381
2025-06-30 13:35:00.968841,-27.96,342578,573.2622826433104,140.88,6455.2304308273415
2025-06-30 13:35:01.172900,-27.96,354537,573.2622826433104,140.88,6679.879978356059
2025-06-30 13:35:01.377647,-27.96,367268,573.2622826433104,140.88,6919.031528618463
2025-06-30 13:35:01.579857,-27.97,381855,573.2622826433104,140.88,7193.047997370149
2025-06-30 13:35:01.782328,-27.97,395156,573.2622826433104,140.88,7442.906984884108
2025-06-30 13:35:01.984425,-27.97,409041,573.2622826433104,140.88,7703.736399336508
2025-06-30 13:35:02.999074,-27.97,420618,573.2622826433104,140.88,7921.2100854089185
2025-06-30 13:35:03.191021,-27.97,421041,573.2622826433104,140.88,7929.156130948231
2025-06-30 13:35:03.398442,-27.97,418808,573.2622826433104,140.88,7887.209275890817
2025-06-30 13:35:03.606543,-27.97,398863,573.2622826433104,140.88,7512.542896974498
2025-06-30 13:35:03.799153,-27.97,395902,573.2622826433104,140.88,7456.920578199305
2025-06-30 13:35:04.008103,-27.97,395557,573.2622826433104,140.88,7450.439760915468
2025-06-30 13:35:04.215606,-27.97,395052,573.2622826433104,140.88,7440.953347210141
2025-06-30 13:35:04.407561,-27.97,394489,573.2622826433104,140.88,7430.377404802025
2025-06-30 13:35:04.615618,-27.97,393930,573.2622826433104,140.88,7419.876602304445
2025-06-30 13:35:04.823401,-27.97,393403,573.2622826433104,140.88,7409.976919091164
2025-06-30 13:35:05.110682,-27.97,392884,573.2622826433104,140.88,7400.227515698956
2025-06-30 13:35:05.222133,-27.97,392293,573.2622826433104,140.88,7389.125593917079
2025-06-30 13:35:05.427244,-27.97,391838,573.2622826433104,140.88,7380.578429093468
2025-06-30 13:35:05.634527,-27.97,391369,573.2622826433104,140.88,7371.768274582977
2025-06-30 13:35:05.828896,-27.97,390892,573.2622826433104,140.88,7362.807840251409
2025-06-30 13:35:06.045696,-27.97,390491,573.2622826433104,140.88,7355.275064220053
2025-06-30 13:35:06.238170,-27.97,389916,573.2622826433104,140.88,7344.473702080323
