timestamp,channel,process,time,voltage,current,abs_voltage,abs_current,impedance_phase,impedance_modulus,voltage_ce,abs_voltage_ce,abs_current_ce,impedance_ce_phase,impedance_ce_modulus,frequency
2025-07-04 13:04:47.548001,3.0,0.0,1.0000080353711382,-0.0004639487015083432,-3.5583432236308e-06,,,,,,,,,,
2025-07-04 13:04:47.548001,3.0,0.0,2.0000160707422765,-0.0007697306573390961,-5.809370122733526e-07,,,,,,,,,,
2025-07-04 13:04:47.548001,3.0,0.0,3.0000241061134147,-0.0011519580148160458,2.0910943021590356e-06,,,,,,,,,,
2025-07-04 13:04:47.548001,3.0,0.0,4.000032141484553,-0.0004639487015083432,-1.5734057114968891e-06,,,,,,,,,,
2025-07-04 13:04:47.548001,3.0,0.0,5.000040176855691,-0.001304849050939083,-6.572807933480362e-07,,,,,,,,,,
2025-07-04 13:04:47.548001,3.0,0.0,6.0000482122268295,-0.0004639487015083432,-3.481999101495603e-06,,,,,,,,,,
2025-07-04 13:04:47.548001,3.0,0.0,7.000056247597968,-0.001075512613169849,2.625500428621308e-06,,,,,,,,,,
2025-07-04 13:04:47.548001,3.0,0.0,8.000064282969106,-0.000540394161362201,-2.75562086926584e-07,,,,,,,,,,
2025-07-04 13:04:47.548001,3.0,0.0,9.000072318340244,-0.0006932851392775774,6.40562973330816e-07,,,,,,,,,,
2025-07-04 13:04:47.548001,3.0,0.0,10.000080353711382,-0.001304849050939083,1.174969270323345e-06,,,,,,,,,,
2025-07-04 13:04:47.548001,3.0,0.0,11.00008838908252,-0.0008461761171929538,3.08356311506941e-06,,,,,,,,,,
2025-07-04 13:04:47.548001,3.0,0.0,12.000096424453659,-0.0006932851392775774,-8.099682418105658e-07,,,,,,,,,,
2025-07-04 13:04:47.548001,3.0,0.0,13.000104459824797,-0.0006168396794237196,-8.099682418105658e-07,,,,,,,,,,
2025-07-04 13:04:47.548001,3.0,0.0,14.000112495195935,-0.0009990670951083302,9.45937927099294e-07,,,,,,,,,,
2025-07-04 13:04:47.548001,3.0,0.0,15.000120530567074,-0.0006932851392775774,-5.809370122733526e-07,,,,,,,,,,
2025-07-04 13:04:47.548001,3.0,0.0,16.000128565938212,-0.001304849050939083,1.4040004998605582e-06,,,,,,,,,,
2025-07-04 13:04:47.548001,3.0,0.0,17.00013660130935,-8.172125671990216e-05,-3.9400615605700295e-06,,,,,,,,,,
2025-07-04 13:04:47.548001,3.0,0.0,18.00014463668049,0.0002240606991108507,-2.6422180781082716e-06,,,,,,,,,,
2025-07-04 13:04:47.548001,3.0,0.0,19.000152672051627,-0.0006932851392775774,-1.7260931599594187e-06,,,,,,,,,,
2025-07-04 13:04:47.548001,3.0,0.0,20.000160707422765,-8.172125671990216e-05,-4.932530373480404e-06,,,,,,,,,,
2025-07-04 13:04:47.548001,3.0,0.0,21.000168742793903,-0.0004639487015083432,-1.9921832006275508e-07,,,,,,,,,,
2025-07-04 13:04:47.548001,3.0,0.0,22.00017677816504,-0.000540394161362201,2.588441816442355e-07,,,,,,,,,,
2025-07-04 13:04:47.548001,3.0,0.0,23.00018481353618,-0.001075512613169849,-2.75562086926584e-07,,,,,,,,,,
2025-07-04 13:04:47.548001,3.0,0.0,24.000192848907318,-5.275767762213945e-06,-3.023936869794852e-06,,,,,,,,,,
2025-07-04 13:04:47.548001,3.0,0.0,25.000200884278456,-0.0006932851392775774,-2.184155619033845e-06,,,,,,,,,,
2025-07-04 13:04:47.548001,3.0,0.0,26.000208919649594,-0.0014577399706467986,3.388938011994469e-06,,,,,,,,,,
2025-07-04 13:04:47.548001,3.0,0.0,27.000216955020733,-0.000387503212550655,-5.045932880420878e-07,,,,,,,,,,
2025-07-04 13:04:47.548001,3.0,0.0,28.00022499039187,-0.0007697306573390961,-7.33624517579301e-07,,,,,,,,,,
2025-07-04 13:04:47.548001,3.0,0.0,29.00023302576301,-0.000540394161362201,-9.626558039599331e-07,,,,,,,,,,
2025-07-04 13:04:47.548001,3.0,0.0,30.000241061134147,-0.0008461761171929538,-2.184155619033845e-06,,,,,,,,,,
2025-07-04 13:04:47.548001,3.0,0.0,31.000249096505286,-0.0008461761171929538,-2.1078117242723238e-06,,,,,,,,,,
2025-07-04 13:04:47.548001,3.0,0.0,32.000257131876424,-0.0012284035328775644,2.9308755529200425e-06,,,,,,,,,,
2025-07-04 13:04:47.548001,3.0,0.0,33.00026516724756,-0.0007697306573390961,-1.4207181493475218e-06,,,,,,,,,,
2025-07-04 13:04:47.548001,3.0,0.0,34.0002732026187,-0.0018399674445390701,3.999688033218263e-06,,,,,,,,,,
2025-07-04 13:04:47.548001,3.0,0.0,35.00028123798984,-0.0008461761171929538,3.351879058755003e-07,,,,,,,,,,
2025-07-04 13:04:47.548001,3.0,0.0,36.00028927336098,-0.0006168396794237196,-5.008873813494574e-06,,,,,,,,,,
2025-07-04 13:04:47.548001,3.0,0.0,37.000297308732115,-0.0008461761171929538,-1.7260931599594187e-06,,,,,,,,,,
2025-07-04 13:04:47.548001,3.0,0.0,38.00030534410325,-0.0009226216352544725,7.169066975620808e-07,,,,,,,,,,
2025-07-04 13:04:47.548001,3.0,0.0,39.00031337947439,-0.00015816674567759037,-4.245436684868764e-06,,,,,,,,,,
2025-07-04 13:04:47.548001,3.0,0.0,40.00032141484553,-0.0006932851392775774,-1.8787806084219483e-06,,,,,,,,,,
2025-07-04 13:04:47.548001,3.0,0.0,41.00032945021667,-0.000387503212550655,-1.4970620441090432e-06,,,,,,,,,,
2025-07-04 13:04:47.548001,3.0,0.0,42.000337485587806,-0.001304849050939083,1.0986254892486613e-06,,,,,,,,,,
2025-07-04 13:04:47.548001,3.0,0.0,43.000345520958945,-0.0009990670951083302,-5.045932880420878e-07,,,,,,,,,,
2025-07-04 13:04:47.548001,3.0,0.0,44.00035355633008,-0.001304849050939083,1.8620629589349846e-06,,,,,,,,,,
2025-07-04 13:04:47.548001,3.0,0.0,45.00036159170122,-0.0008461761171929538,-1.2287458162063558e-07,,,,,,,,,,
2025-07-04 13:04:47.548001,3.0,0.0,46.00036962707236,-0.0008461761171929538,-1.038999471347779e-06,,,,,,,,,,
2025-07-04 13:04:47.548001,3.0,0.0,47.0003776624435,-0.0004639487015083432,-3.100280537182698e-06,,,,,,,,,,
2025-07-04 13:04:47.548001,3.0,0.0,48.000385697814636,-0.0011519580148160458,2.0910943021590356e-06,,,,,,,,,,
2025-07-04 13:04:47.548001,3.0,0.0,49.000393733185774,0.0003005061880685389,-5.085217708256096e-06,,,,,,,,,,
2025-07-04 13:04:47.548001,3.0,0.0,50.00040176855691,-0.0012284035328775644,-1.4207181493475218e-06,,,,,,,,,,
2025-07-04 13:04:47.548001,3.0,0.0,51.00040980392805,-0.0015341854887083173,5.144844180904329e-06,,,,,,,,,,
2025-07-04 13:04:47.548001,3.0,0.0,52.00041783929919,-0.0009226216352544725,-3.023936869794852e-06,,,,,,,,,,
2025-07-04 13:04:47.548001,3.0,0.0,53.00042587467033,-0.000540394161362201,-1.1916869198103086e-06,,,,,,,,,,
2025-07-04 13:04:47.548001,3.0,0.0,54.000433910041465,-0.00015816674567759037,-5.008873813494574e-06,,,,,,,,,,
2025-07-04 13:04:47.548001,3.0,0.0,55.000441945412604,-0.0013812945690006018,2.1674379695468815e-06,,,,,,,,,,
2025-07-04 13:04:47.548001,3.0,0.0,56.00044998078374,-0.0013812945690006018,3.351879058755003e-07,,,,,,,,,,
2025-07-04 13:04:47.548001,3.0,0.0,57.00045801615488,-0.0007697306573390961,1.06156655022005e-07,,,,,,,,,,
2025-07-04 13:04:47.548001,3.0,0.0,58.00046605152602,-0.001304849050939083,6.40562973330816e-07,,,,,,,,,,
2025-07-04 13:04:47.548001,3.0,0.0,59.00047408689716,-0.0009990670951083302,5.642191922561324e-07,,,,,,,,,,
2025-07-04 13:04:47.548001,3.0,0.0,60.000482122268295,-0.0007697306573390961,-2.031468056884478e-06,,,,,,,,,,
2025-07-04 13:04:47.548001,3.0,0.0,61.00049015763943,-0.0003110577235929668,-1.955124389496632e-06,,,,,,,,,,
2025-07-04 13:04:47.548001,3.0,0.0,62.00049819301057,-0.000387503212550655,-1.1916869198103086e-06,,,,,,,,,,
2025-07-04 13:04:47.548001,3.0,0.0,63.00050622838171,-0.0007697306573390961,-2.413186621197383e-06,,,,,,,,,,
2025-07-04 13:04:47.548001,3.0,0.0,64.00051426375285,-0.0009226216352544725,1.5566879483230878e-06,,,,,,,,,,
2025-07-04 13:04:47.548001,3.0,0.0,65.00052229912399,-0.001304849050939083,7.169066975620808e-07,,,,,,,,,,
2025-07-04 13:04:47.548001,3.0,0.0,66.00053033449512,-0.0009226216352544725,2.981290592174446e-08,,,,,,,,,,
2025-07-04 13:04:47.548001,3.0,0.0,67.00053836986626,-0.0006932851392775774,-5.045932880420878e-07,,,,,,,,,,
2025-07-04 13:04:47.548001,3.0,0.0,68.0005464052374,-0.0006932851392775774,1.9384067400096683e-06,,,,,,,,,,
2025-07-04 13:04:47.548001,3.0,0.0,69.00055444060854,-0.0012284035328775644,2.1674379695468815e-06,,,,,,,,,,
2025-07-04 13:04:47.548001,3.0,0.0,70.00056247597968,-0.0006932851392775774,-1.8024369410341023e-06,,,,,,,,,,
2025-07-04 13:04:47.548001,3.0,0.0,71.00057051135082,-0.0009226216352544725,-1.5734057114968891e-06,,,,,,,,,,
2025-07-04 13:04:47.548001,3.0,0.0,72.00057854672195,-0.0003110577235929668,-3.176624204570544e-06,,,,,,,,,,
2025-07-04 13:04:47.548001,3.0,0.0,73.00058658209309,-0.0003110577235929668,-2.031468056884478e-06,,,,,,,,,,
2025-07-04 13:04:47.548001,3.0,0.0,74.00059461746423,-0.0003110577235929668,-2.413186621197383e-06,,,,,,,,,,
2025-07-04 13:04:47.548001,3.0,0.0,75.00060265283537,-0.0007697306573390961,-1.038999471347779e-06,,,,,,,,,,
2025-07-04 13:04:47.548001,3.0,0.0,76.0006106882065,-0.000387503212550655,-2.031468056884478e-06,,,,,,,,,,
2025-07-04 13:04:47.548001,3.0,0.0,77.00061872357765,-0.000540394161362201,-2.794905640257639e-06,,,,,,,,,,
2025-07-04 13:04:47.548001,3.0,0.0,78.00062675894878,-0.0008461761171929538,1.4040004998605582e-06,,,,,,,,,,
2025-07-04 13:04:47.548001,3.0,0.0,79.00063479431992,-0.0007697306573390961,-6.572807933480362e-07,,,,,,,,,,
2025-07-04 13:04:47.548001,3.0,1.0,80.59600067138672,-0.002239129738882184,-2.7017364345738315e-07,0.020088443532586098,2.811096783261746e-05,0.1272439956665039,714.6123054958377,0.001669881516136229,0.00020461597887333483,2.9322383852559142e-05,1.11897611618042,6.9781495222966585,1000031.1875
2025-07-04 13:04:47.548001,3.0,1.0,80.96399688720703,-0.0019225974101573229,-4.0330920114683977e-07,0.02018962800502777,2.6734160201158375e-05,0.15103626251220703,755.1996342175345,0.0016631664475426078,0.0001819347235141322,3.0047758627915755e-05,1.1436458826065063,6.054851736765032,820890.5625
2025-07-04 13:04:47.548001,3.0,1.0,81.18599700927734,-0.0019074613228440285,-3.529288790105056e-07,0.01991795189678669,2.8376565751386806e-05,0.21913933753967285,701.9155197035521,0.0016754214884713292,0.00017598399426788092,3.5830547858495265e-05,1.1369426250457764,4.911563031715014,673859.3125
2025-07-04 13:04:47.548001,3.0,1.0,81.48100280761719,-0.001957068918272853,-3.8509898558913847e-07,0.019819796085357666,2.9845861718058586e-05,0.25334835052490234,664.0718325571236,0.0016726515023037791,0.00017498033412266523,3.7331567000364885e-05,1.3535518646240234,4.6871949982960786,553171.8125
2025-07-04 13:04:47.548001,3.0,1.0,81.9219970703125,-0.0018978683510795236,-4.071855528309243e-07,0.020156458020210266,3.14126955345273e-05,0.23370444774627686,641.6659785867555,0.0016554441535845399,0.0001903366792248562,4.399067256599665e-05,1.2341004610061646,4.326750834266177,454093.71875
2025-07-04 13:04:47.548001,3.0,1.0,82.07099914550781,-0.0017856823978945613,-4.2062387706209847e-07,0.01983657293021679,3.2089705200633034e-05,0.25938570499420166,618.1600237893576,0.0016499042976647615,0.0001787387445801869,4.772288230014965e-05,1.297874927520752,3.745346801478217,372765.59375
2025-07-04 13:04:47.548001,3.0,1.0,82.29299926757812,-0.001929577556438744,-3.911747512574948e-07,0.01993962749838829,3.3866133890114725e-05,0.2491006851196289,588.777790907173,0.0016733229858800769,0.0001581482356414199,5.1118397095706314e-05,1.555277943611145,3.0937635885829358,305999.96875
2025-07-04 13:04:47.548001,3.0,1.0,82.58799743652344,-0.001936688320711255,-4.433625804267649e-07,0.020071597769856453,3.620531424530782e-05,0.25257396697998047,554.3826421133112,0.001657039043493569,0.0001607466401765123,5.5841635912656784e-05,1.5751832723617554,2.8786162430473903,251187.46875
2025-07-04 13:04:47.548001,3.0,1.0,82.73699951171875,-0.0018643675139173865,-3.97753694869607e-07,0.020024338737130165,3.8467460399260744e-05,0.24778366088867188,520.5526574744972,0.0016595571069046855,0.00013989106810186058,5.806831904919818e-05,1.8460074663162231,2.409077279873357,206203.109375
2025-07-04 13:04:47.548001,3.0,1.0,82.88600158691406,-0.00209762342274189,-3.155013814648555e-07,0.020083598792552948,3.967785232816823e-05,0.21502947807312012,506.1664786300728,0.0016690421616658568,0.00014445326814893633,6.082527761464007e-05,1.7358558177947998,2.374888760296719,169265.625
2025-07-04 13:04:47.548001,3.0,1.0,83.03500366210938,-0.0019319478888064623,-3.8429635651482386e-07,0.01981288194656372,4.072364390594885e-05,0.2062140554189682,486.5203612997285,0.0016619074158370495,0.00010146536806132644,6.431291694752872e-05,2.0959415435791016,1.577682569492369,138953.109375
2025-07-04 13:04:47.548001,3.0,1.0,83.18399810791016,-0.0017992319772019982,-4.786262479683501e-07,0.020107142627239227,4.1831444832496345e-05,0.16217643022537231,480.6705268668892,0.0016885997029021382,9.272227180190384e-05,6.643641245318577e-05,2.131011724472046,1.395654406643952,114062.5
2025-07-04 13:04:47.548001,3.0,1.0,83.33300018310547,-0.0017178034177049994,-4.532218440544966e-07,0.020039347931742668,4.300214641261846e-05,0.12882453203201294,466.0080857234225,0.0016478057950735092,8.722233178559691e-05,5.61746273888275e-05,2.4013161659240723,1.55269978351373,93640.625
2025-07-04 13:04:47.548001,3.0,1.0,83.48200225830078,-0.002351595787331462,-1.9084603763985797e-07,0.019956935197114944,4.316010381444357e-05,0.07423973083496094,462.39312312396095,0.0017321637133136392,7.426136289723217e-05,5.3914471209282055e-05,2.525238037109375,1.3773920291078947,76859.375
2025-07-04 13:04:47.548001,3.0,1.0,83.7040023803711,-0.0019488754915073514,-3.93969628476043e-07,0.02008741721510887,4.29303509008605e-05,0.05214536190032959,467.90712849044604,0.0016709727933630347,6.011929872329347e-05,5.154412428964861e-05,2.6480298042297363,1.1663657022371214,63093.75
2025-07-04 13:04:47.548001,3.0,1.0,83.77999877929688,-0.0017988027539104223,-4.1577681031412794e-07,0.020177463069558144,4.3742082198150456e-05,0.05417507886886597,461.2826380361771,0.001671812147833407,3.9046240999596193e-05,3.507074507069774e-05,-3.0170068740844727,1.1133564719222362,51796.875
2025-07-04 13:04:47.548001,3.0,1.0,83.92900085449219,-0.0020253024995326996,-4.135588369535981e-07,0.020029230043292046,4.308226198190823e-05,0.03427433967590332,464.9066488594083,0.0016649292083457112,5.028193481848575e-05,4.160292155575007e-05,3.0521063804626465,1.2086154755046554,42515.625
2025-07-04 13:04:47.548001,3.0,1.0,84.00499725341797,-0.001986165065318346,-2.9197909157119284e-07,0.020059820264577866,4.341093881521374e-05,-0.00481187179684639,462.0913717154564,0.001644196454435587,2.4408944227616303e-05,2.983154627145268e-05,-2.7260327339172363,0.8182259144566857,34906.25
2025-07-04 13:04:47.548001,3.0,1.0,84.08100128173828,-0.002233698731288314,-3.0055289812480623e-07,0.019933834671974182,4.358065780252218e-05,0.014252662658691406,457.4009589827837,0.0016708887415006757,3.3041891583707184e-05,3.141126217087731e-05,-2.6694469451904297,1.0519122537629737,28656.25
2025-07-04 13:04:47.548001,3.0,1.0,84.2300033569336,-0.0018979429733008146,-4.15832744238287e-07,0.01997271552681923,4.286381954443641e-05,-0.01644587516784668,465.9574377433573,0.0016609001904726028,1.9179391529178247e-05,2.7631476768874563e-05,-2.450550079345703,0.6941138792401731,23515.625
2025-07-04 13:04:47.548001,3.0,1.0,84.30599975585938,-0.0020774106960743666,-3.0262179961937363e-07,0.019864177331328392,4.261137655703351e-05,-0.023385047912597656,466.17074913646684,0.001654352992773056,1.4899510460963938e-05,2.2586733393836766e-05,-2.1158599853515625,0.6596576052484668,19312.5
2025-07-04 13:04:47.548001,3.0,1.0,84.38300323486328,-0.002231253543868661,-3.1151242296800774e-07,0.020059704780578613,4.262850052327849e-05,-0.04083287715911865,470.57026483078965,0.001672231825068593,1.7641728845774196e-05,5.0947972340509295e-05,-2.712066888809204,0.3462694987715353,15842.0126953125
2025-07-04 13:04:47.548001,3.0,1.0,84.64600372314453,-0.0020261795725673437,-3.5059761671618617e-07,0.019840534776449203,4.2132938688155264e-05,-0.06230354309082031,470.9031791800207,0.0016953987069427967,7.066586476867087e-06,1.5230160897772294e-05,-1.441074252128601,0.4639863310899567,13012.37890625
2025-07-04 13:04:47.548001,3.0,1.0,84.75299835205078,-0.0019709172192960978,-2.9384310096247646e-07,0.02008942700922489,4.221167182549834e-05,-0.047324419021606445,475.92114077532676,0.0016988401766866446,4.2841188587772194e-06,1.652993159950711e-05,-0.8259282112121582,0.2591734172030672,10684.7431640625
2025-07-04 13:04:47.548001,3.0,1.0,85.00399780273438,-0.0019056510645896196,-4.3292442342135473e-07,0.01985437422990799,4.105640255147591e-05,-0.06609070301055908,483.58777184666553,0.0017060588579624891,1.6593528926023282e-05,4.988083310308866e-05,-2.7777445316314697,0.3326634278888136,8763.365234375
2025-07-04 13:04:47.548001,3.0,1.0,85.60299682617188,-0.0020745741203427315,-5.333492367753934e-07,0.01982504315674305,4.086675471626222e-05,-0.0871281623840332,485.11420332708764,0.0016783593455329537,1.3662847777595744e-05,5.852676258655265e-05,1.4353777170181274,0.2334461564893558,7213.16748046875
2025-07-04 13:04:47.548001,3.0,1.0,85.78600311279297,-0.0021617324091494083,-3.9987816080611083e-07,0.020018089562654495,4.079471545992419e-05,-0.09160363674163818,490.70300741084503,0.0016825562343001366,9.166000154436915e-07,9.727720680530183e-06,-1.07856285572052,0.094225568922661,5905.4638671875
2025-07-04 13:04:47.548001,3.0,1.0,86.2020034790039,-0.0020331409759819508,-5.192584922042442e-07,0.01992718316614628,3.967708471463993e-05,-0.1155855655670166,502.2340554872875,0.001694727223366499,2.031518488365691e-05,4.2575891711749136e-05,-2.8631062507629395,0.4771523053749872,4850.3427734375
2025-07-04 13:04:47.548001,3.0,1.0,86.61900329589844,-0.0020446565467864275,-5.663210345119296e-07,0.019941778853535652,3.9303125959122553e-05,-0.09109055995941162,507.38404050294156,0.0016922090435400605,1.195848199131433e-05,3.8414033042499796e-05,0.6109606027603149,0.3113050373566329,3981.180419921875
2025-07-04 13:04:47.548001,3.0,1.0,86.8290023803711,-0.0019142735982313752,-4.1601930433898815e-07,0.020144445821642876,3.9328868297161534e-05,-0.13976329565048218,512.2050720970467,0.0016969096614047885,2.0709070668090135e-05,4.029000410810113e-05,1.3256535530090332,0.5140002123734247,3266.86328125
2025-07-04 13:04:47.548001,3.0,1.0,88.69499969482422,-0.001987956929951906,-4.609943289324292e-07,0.019955715164542198,3.808724068221636e-05,-0.12178254127502441,523.9475164673688,0.001686249510385096,4.021232598461211e-06,3.567268868209794e-05,-1.7907006740570068,0.11272580640884618,2682.425048828125
2025-07-04 13:04:47.548001,3.0,1.0,89.11199951171875,-0.0020634131506085396,-7.521667271248589e-07,0.02004658244550228,3.757042941288091e-05,-0.1249234676361084,533.5734182114344,0.001703372923657298,2.593339013401419e-05,3.735344944288954e-05,0.46280384063720703,0.6942702888434517,2203.52392578125
2025-07-04 13:04:47.548001,3.0,1.0,89.52799987792969,-0.0017763879150152206,-5.050560503150336e-07,0.02019597962498665,3.666625343612395e-05,-0.11954963207244873,550.8056518555935,0.001693216385319829,1.1840957995445933e-05,3.7718196836067364e-05,2.8480536937713623,0.3139322393090442,1808.2633056640625
2025-07-04 13:04:47.548001,3.0,1.0,89.94499969482422,-0.0020861453376710415,-5.148600052962138e-07,0.020149316638708115,3.6452795029617846e-05,-0.16822993755340576,552.7509378179868,0.0016876764129847288,4.720292963611428e-06,3.547409869497642e-05,-0.60841965675354,0.13306308369379038,1483.574462890625
2025-07-04 13:04:47.548001,3.0,1.0,91.39700317382812,-0.0020014692563563585,-5.152141397957166e-07,0.02009015716612339,3.596058377297595e-05,-0.14394724369049072,558.6716081406042,0.0016968257259577513,6.060259693185799e-06,3.43521787726786e-05,-1.3721370697021484,0.1764155843880773,1218.8330078125
2025-07-04 13:04:47.548001,3.0,1.0,92.02100372314453,-0.0019983150996267796,-3.9790276673556946e-07,0.020033691078424454,3.5435408790363e-05,-0.1601243019104004,565.357978426167,0.0016829759115353227,1.3181829672248568e-05,3.5237131669418886e-05,-1.8311526775360107,0.37408917944614184,999.0408935546875
2025-07-04 13:04:47.548001,3.0,1.0,92.43800354003906,-0.002612585434690118,-2.3852405206525873e-07,0.02010909654200077,3.504023698042147e-05,-0.18209540843963623,573.8858602251067,0.001703708665445447,2.8208380172145553e-05,3.508659574436024e-05,0.3211468458175659,0.8039645788856481,821.314697265625
2025-07-04 13:04:47.548001,3.0,1.0,93.26799774169922,-0.0018203217769041657,-4.959233592671808e-07,0.019810300320386887,3.335808651172556e-05,-0.16607403755187988,593.8680059907948,0.001635718741454184,5.113366114528617e-06,3.3072486985474825e-05,-1.0699175596237183,0.1546108738896584,674.352783203125
2025-07-04 13:04:47.548001,3.0,1.0,93.47900390625,-0.002229443285614252,-3.3153082767967135e-07,0.020062461495399475,3.3543150493642315e-05,-0.22871971130371094,598.1090386605773,0.0016433570999652147,2.2744554371456616e-05,3.373337312950753e-05,1.5269203186035156,0.6742448875224196,553.0528564453125
2025-07-04 13:04:47.548001,3.0,1.0,93.89500427246094,-0.0020552759524434805,-1.1834246294029072e-07,0.019876999780535698,3.2423769880551845e-05,-0.17084097862243652,613.0378994719597,0.0015899724094197154,6.426496838685125e-06,3.260613448219374e-05,-0.8719431161880493,0.19709471670720874,454.5636291503906
2025-07-04 13:04:47.548001,3.0,1.0,94.10600280761719,-0.0017744655488058925,-5.926951303081296e-07,0.01996343582868576,3.2294978154823184e-05,-0.1917039155960083,618.15913709495,0.0015939174918457866,1.1683321645250544e-05,3.2661129807820544e-05,-2.2444205284118652,0.3577133342905067,372.7339172363281
2025-07-04 13:04:47.548001,3.0,1.0,94.52100372314453,-0.0017391917062923312,-5.830403893014591e-07,0.02002926729619503,3.153516445308924e-05,-0.21801340579986572,635.1407276150396,0.001646546763367951,1.1037483091058675e-05,3.18089296342805e-05,-0.43591976165771484,0.3469932254232023,306.27398681640625
2025-07-04 13:04:47.548001,3.0,1.0,94.7300033569336,-0.0021351929754018784,-4.131122182116087e-07,0.01981048658490181,3.110269972239621e-05,-0.23570102453231812,636.9378466087564,0.0016439446480944753,1.362102193525061e-05,3.124385330011137e-05,-0.36291027069091797,0.43595845251270776,251.04432678222656
2025-07-04 13:04:47.548001,3.0,1.0,94.93900299072266,-0.0022264013532549143,-4.1672817019389186e-07,0.020089637488126755,3.018196002813056e-05,-0.28603553771972656,665.6173909647539,0.0016149859875440598,5.920573585171951e-06,3.0110737498034723e-05,1.912612795829773,0.1966266547127375,206.3870391845703
2025-07-04 13:04:47.548001,3.0,1.0,95.56500244140625,-0.002150496933609247,-3.021939107838989e-07,0.019955864176154137,2.968340049847029e-05,-0.32422733306884766,672.290365693868,0.0016087745316326618,1.9972560039605014e-05,2.9635524697368965e-05,-2.4032042026519775,0.673939815257537,169.40383911132812
2025-07-04 13:04:47.548001,3.0,1.0,96.61199951171875,-0.0018935197731480002,-4.1564717889741587e-07,0.01987529546022415,2.874969686672557e-05,-0.37027186155319214,691.3219138399853,0.0016035704175010324,6.192818545969203e-06,2.8496728191385046e-05,1.9661494493484497,0.2173168268433489,138.8005828857422
2025-07-04 13:04:47.548001,3.0,1.0,96.822998046875,-0.001863527693785727,-3.323512771657988e-07,0.02013511024415493,2.7618956664809957e-05,-0.3810436725616455,729.0322544953194,0.0016080191126093268,1.4126685528026428e-05,2.774954919004813e-05,-1.3490984439849854,0.5090780189356268,114.01473999023438
2025-07-04 13:04:47.548001,3.0,1.0,97.66500091552734,-0.001982077956199646,-4.556457895432686e-07,0.01990792527794838,2.6567162421997637e-05,-0.45597147941589355,749.3433044044101,0.0016430213581770658,2.2969426936469972e-05,2.6584044462651946e-05,2.0473732948303223,0.8640305642258398,93.71041870117188
2025-07-04 13:04:47.548001,3.0,1.0,97.86900329589844,-0.0021709708962589502,-2.9233433451736346e-07,0.02002204768359661,2.523462171666324e-05,-0.494778037071228,793.435618271044,0.0016077673062682152,1.1965962585236412e-05,2.541417234169785e-05,-1.1358288526535034,0.4708381773898445,76.89445495605469
2025-07-04 13:04:47.548001,3.0,1.0,98.08399963378906,-0.0020900084637105465,-3.608312795222446e-07,0.01991860941052437,2.3815149688743986e-05,-0.5836617350578308,836.3839686440735,0.0015962678007781506,2.9099476250848966e-06,2.29544111789437e-05,1.84621000289917,0.12677073711018208,63.16073226928711
2025-07-04 13:04:47.548001,3.0,1.0,99.08599853515625,-0.0020614720415323973,-4.7223434762599936e-07,0.01980379968881607,2.2191217794897966e-05,-0.6431872844696045,892.4160842299159,0.001603822223842144,1.4201981684891507e-05,2.2364838514477015e-05,0.10238122940063477,0.6350138265339319,51.80701446533203
2025-07-04 13:04:47.548001,3.0,1.0,99.30699920654297,-0.00197375426068902,-3.941386523820256e-07,0.020029952749609947,2.014775964198634e-05,-0.6840734481811523,994.1528539912252,0.0015868666814640164,1.410759341524681e-05,2.0162624423392117e-05,-2.4440603256225586,0.6996903339071064,42.562034606933594
2025-07-04 13:04:47.548001,3.0,1.0,99.51699829101562,-0.0020615095272660255,-5.486342047333892e-07,0.01989552564918995,1.8559694581199437e-05,-0.7602510452270508,1071.9748410808268,0.0015898884739726782,7.733861821179744e-06,1.8349081074120477e-05,2.2651453018188477,0.42148496646448275,34.8772087097168
2025-07-04 13:04:47.548001,3.0,1.0,99.73600006103516,-0.0019776734989136457,-4.5596317477247794e-07,0.019814543426036835,1.6659494576742873e-05,-0.8290683031082153,1189.3844278864558,0.00160147191490978,1.7266995200770907e-05,1.6663585483911447e-05,-0.39876270294189453,1.0362112774253804,28.652175903320312
2025-07-04 13:04:47.548001,3.0,1.0,99.95800018310547,-0.0020232312381267548,-4.831570095120696e-07,0.020039772614836693,1.4645667761215009e-05,-0.8644373416900635,1368.3071978395192,0.0015771298203617334,8.893129233911168e-06,1.4522506717185024e-05,2.2101407051086426,0.6123687464635562,23.531614303588867
2025-07-04 13:04:47.548001,3.0,1.0,100.17400360107422,-0.002191537991166115,-3.525749434629688e-07,0.01995941437780857,1.2933417565363925e-05,-0.8930063247680664,1543.2436381904558,0.0015946729108691216,9.22177241591271e-06,1.2914867511426564e-05,-2.442035436630249,0.714043129575557,19.29014778137207
2025-07-04 13:04:47.548001,3.0,1.0,100.3740005493164,-0.002022166969254613,-4.4399743615031184e-07,0.019882170483469963,1.133417299570283e-05,-0.9675313234329224,1754.1791969302012,0.0015990376705303788,1.6291338397422805e-05,1.1381246622477192e-05,0.5742189884185791,1.4314195041910887,15.83613395690918
2025-07-04 13:04:47.548001,3.0,1.0,100.61299896240234,-0.0018649273552000523,-4.6395945219046553e-07,0.020035196095705032,1.0090969226439483e-05,-1.024320125579834,1985.458051265338,0.0016055848682299256,1.8046571312879678e-06,1.0286071301379707e-05,1.8994436264038086,0.17544668692369483,13.020857810974121
2025-07-04 13:04:47.548001,3.0,1.0,100.81100463867188,-0.002102811820805073,-2.6340819658798864e-07,0.019900912418961525,8.57727718539536e-06,-1.0267951488494873,2320.1899610807804,0.0015947568463161588,1.0983181709889323e-05,8.581087058701087e-06,-0.030409812927246094,1.279928945453659,10.672807693481445
2025-07-04 13:04:47.548001,3.0,1.0,101.04800415039062,-0.0019409439992159605,-4.183138173630141e-07,0.01982603780925274,7.448536052834243e-06,-1.0641734600067139,2661.736167835119,0.0016055848682299256,8.32765090308385e-06,7.406054464809131e-06,-2.5315611362457275,1.1244382474708778,8.758380889892578
2025-07-04 13:04:47.548001,3.0,1.0,101.1969985961914,-0.002148445462808013,-3.3533501664351206e-07,0.019721917808055878,6.4131818362511694e-06,-1.057885766029358,3075.2157527447157,0.001587873906828463,1.1439416994107887e-05,6.4100254348886665e-06,-1.14167058467865,1.7846133545500626,7.207095623016357
2025-07-04 13:04:47.548001,3.0,1.0,101.3759994506836,-0.002203875919803977,-3.7740210245829076e-07,0.01981547474861145,5.596431037702132e-06,-1.113168478012085,3540.7341956182827,0.0015873702941462398,1.1419374459364917e-05,5.578730906563578e-06,-2.9677815437316895,2.0469484279891708,5.900681018829346
2025-07-04 13:04:47.548001,3.0,1.0,101.59100341796875,-0.002180210780352354,-4.3561041707107506e-07,0.019941091537475586,5.085508291813312e-06,-1.1468616724014282,3921.1599693145517,0.0015984501224011183,6.003768703521928e-06,5.102996055939002e-06,-0.1796991229057312,1.17651838992401,4.846460819244385
2025-07-04 13:04:47.548001,3.0,1.0,101.85199737548828,-0.0021085243206471205,-4.5952364757795294e-07,0.02007865719497204,4.0824629650160205e-06,-1.1077380180358887,4918.270506562512,0.0016004646895453334,1.0384846063971054e-05,4.073699983564438e-06,-2.653701066970825,2.5492417472737987,3.9778499603271484
2025-07-04 13:04:47.548001,3.0,1.0,102.16699981689453,-0.0019276986131444573,-3.7829212828910386e-07,0.01997847855091095,3.709977590915514e-06,-1.1428112983703613,5385.067176640505,0.001575262052938342,5.711016910936451e-06,3.709430075105047e-06,-0.8415829539299011,1.5395941681889558,3.2770557403564453
2025-07-04 13:04:47.548001,3.0,1.0,102.55000305175781,-0.0018137750448659062,-4.94649952997861e-07,0.020046845078468323,3.1518659397988813e-06,-1.1631808280944824,6360.310197630899,0.0015773811610415578,3.5679174743563635e-06,3.1437914458365412e-06,-2.393176317214966,1.1349090853598163,2.675510883331299
2025-07-04 13:04:47.548001,3.0,1.0,103.01399993896484,-0.001854073372669518,-4.096094983196963e-07,0.019958848133683205,2.6957275167660555e-06,-1.1589274406433105,7403.881887004272,0.0015549336094409227,6.042596851330018e-06,2.693886699489667e-06,-0.6037891507148743,2.243077577269576,2.1969897747039795
2025-07-04 13:04:47.548001,3.0,1.0,103.57600402832031,-0.001997897867113352,-3.438387352616701e-07,0.01975521445274353,2.3448176307283575e-06,-1.1485623121261597,8425.053698784703,0.0015670467400923371,6.24824042461114e-06,2.346261453567422e-06,-0.44865065813064575,2.6630623007128524,1.808449625968933
2025-07-04 13:04:47.548001,3.0,1.0,104.26100158691406,-0.0019564866088330746,-3.594716986299318e-07,0.01989533007144928,1.9808105662377784e-06,-1.19425630569458,10044.034705063777,0.0015611558919772506,3.495825239951955e-06,1.9795554635493318e-06,0.44004976749420166,1.765964785691814,1.4796406030654907
2025-07-04 13:04:47.548001,3.0,1.0,105.09300231933594,-0.001964179566130042,-3.442796980834828e-07,0.019917789846658707,1.679902652540477e-06,-1.2060860395431519,11856.514314408341,0.0015729324659332633,6.915863650647225e-06,1.679622528172331e-06,-0.005943417549133301,4.117510651737133,1.2146308422088623
2025-07-04 13:04:47.548001,3.0,1.0,106.10200500488281,-0.0019341078586876392,-4.974632474841201e-07,0.019844679161906242,1.6523021031389362e-06,-1.3043678998947144,12010.321311221845,0.001569535699672997,3.2630161967972526e-06,1.6550956161154318e-06,0.8343068361282349,1.971497093597328,1.0016038417816162
